500000
1.e-08
30
1
-100
100
 52.65470730673701   18.62493156210944   63.634843399474505  29.354194065396598 -58.84514997346203    2.139700303355596 -44.50944193258303   19.693984618542032  -0.978063844747723   6.275192948491494 -17.62741727818485   17.492363100258757  69.91014738018657    7.449134205838206 -26.881681592763158 -78.96860107560939  -56.12037006276138  -70.37217700000932  -71.985063525878     62.137400169406334 -19.09727667038954  -66.77256445739401  -75.07463240873395    8.061906948732855  12.347115902108854  18.965898991495294 -13.575125669913305  38.70042180427777   72.01522785635572   -5.896882301357749
-1002.4790787013411
1 1 1 1 1 1 1 1 1 1 1 1 1 1 1 1 1 1 1 1 1 1 1 1 1 1 1 1 1 1
0.2 0.5
20 50 10 25
1
 4.9038605673763114e-01  0.0000000000000000e+00  0.0000000000000000e+00  0.0000000000000000e+00  0.0000000000000000e+00  0.0000000000000000e+00 -8.2498377226850339e-01  0.0000000000000000e+00  0.0000000000000000e+00 -3.5844622495793212e-02  0.0000000000000000e+00  0.0000000000000000e+00  1.8569410598868619e-01  0.0000000000000000e+00  0.0000000000000000e+00  0.0000000000000000e+00  0.0000000000000000e+00  1.7550450467497680e-01  0.0000000000000000e+00  9.9196599251790571e-02  0.0000000000000000e+00  2.8281544887809144e-02  0.0000000000000000e+00  0.0000000000000000e+00  0.0000000000000000e+00  0.0000000000000000e+00  0.0000000000000000e+00 -1.4565748206493243e-02 -2.9483429781395849e-02 -2.5161021284589573e-02
  0.0000000000000000e+00 -4.4194173824159189e-02  0.0000000000000000e+00  0.0000000000000000e+00 -2.9419417382415908e-01 -6.9573299897783081e-01  0.0000000000000000e+00  0.0000000000000000e+00 -5.8681795603287579e-01  0.0000000000000000e+00  9.9436891104357911e-02  0.0000000000000000e+00  0.0000000000000000e+00  2.2443689110435827e-01  0.0000000000000000e+00 -1.3163470628841786e-01 -2.3600119376338418e-02  0.0000000000000000e+00  0.0000000000000000e+00  0.0000000000000000e+00  6.5018206799502376e-02  0.0000000000000000e+00  0.0000000000000000e+00  0.0000000000000000e+00  0.0000000000000000e+00 -2.6931423057532520e-02  0.0000000000000000e+00  0.0000000000000000e+00  0.0000000000000000e+00  0.0000000000000000e+00
  0.0000000000000000e+00  0.0000000000000000e+00  4.4194173824159230e-02 -2.9419417382415930e-01  0.0000000000000000e+00  0.0000000000000000e+00  0.0000000000000000e+00  6.9573299897783092e-01  0.0000000000000000e+00  0.0000000000000000e+00  0.0000000000000000e+00 -5.8681795603287545e-01  0.0000000000000000e+00  0.0000000000000000e+00 -9.9436891104358424e-02  0.0000000000000000e+00  0.0000000000000000e+00  0.0000000000000000e+00  2.2443689110435810e-01  0.0000000000000000e+00  0.0000000000000000e+00  0.0000000000000000e+00  1.3163470628841806e-01 -2.3600119376338248e-02 -6.5018206799502418e-02  0.0000000000000000e+00 -2.6931423057532509e-02  0.0000000000000000e+00  0.0000000000000000e+00  0.0000000000000000e+00
  0.0000000000000000e+00  0.0000000000000000e+00  4.4194173824159230e-02 -2.0580582617584078e-01  0.0000000000000000e+00  0.0000000000000000e+00  0.0000000000000000e+00  1.6984465132951243e-01  0.0000000000000000e+00  0.0000000000000000e+00  0.0000000000000000e+00  4.7698299897783136e-01  0.0000000000000000e+00  0.0000000000000000e+00 -7.5254610787347254e-01  0.0000000000000000e+00  0.0000000000000000e+00  0.0000000000000000e+00 -6.8186891104358660e-02  0.0000000000000000e+00  0.0000000000000000e+00  0.0000000000000000e+00  3.0730096702465654e-01  1.7069720628841803e-01 -2.3600119376338154e-02  0.0000000000000000e+00 -6.5018206799502432e-02  0.0000000000000000e+00  0.0000000000000000e+00  0.0000000000000000e+00
  0.0000000000000000e+00  4.4194173824159196e-02  0.0000000000000000e+00  0.0000000000000000e+00  2.0580582617584076e-01  1.6984465132951282e-01  0.0000000000000000e+00  0.0000000000000000e+00 -4.7698299897783053e-01  0.0000000000000000e+00 -7.5254610787347276e-01  0.0000000000000000e+00  0.0000000000000000e+00  6.8186891104357869e-02  0.0000000000000000e+00  3.0730096702465703e-01 -1.7069720628841781e-01  0.0000000000000000e+00  0.0000000000000000e+00  0.0000000000000000e+00 -2.3600119376338418e-02  0.0000000000000000e+00  0.0000000000000000e+00  0.0000000000000000e+00  0.0000000000000000e+00  6.5018206799502515e-02  0.0000000000000000e+00  0.0000000000000000e+00  0.0000000000000000e+00  0.0000000000000000e+00
  0.0000000000000000e+00 -6.2499999999999972e-02  0.0000000000000000e+00  0.0000000000000000e+00 -2.6516504294495530e-01 -2.6294417382415936e-01  0.0000000000000000e+00  0.0000000000000000e+00  5.9359216769114542e-02  0.0000000000000000e+00 -3.0510799897783064e-01  0.0000000000000000e+00  0.0000000000000000e+00 -7.8569173824159222e-01  0.0000000000000000e+00  2.9124391104357800e-02  3.3492232566475638e-01  0.0000000000000000e+00  0.0000000000000000e+00  0.0000000000000000e+00 -1.7069720628841778e-01  0.0000000000000000e+00  0.0000000000000000e+00  0.0000000000000000e+00  0.0000000000000000e+00 -2.3600119376338505e-02  0.0000000000000000e+00  0.0000000000000000e+00  0.0000000000000000e+00  0.0000000000000000e+00
  2.0312455549938885e-01  0.0000000000000000e+00  0.0000000000000000e+00  0.0000000000000000e+00  0.0000000000000000e+00  0.0000000000000000e+00  2.3280353526515338e-01  0.0000000000000000e+00  0.0000000000000000e+00 -8.9030676506608686e-01  0.0000000000000000e+00  0.0000000000000000e+00 -1.9712035328171382e-02  0.0000000000000000e+00  0.0000000000000000e+00  0.0000000000000000e+00  0.0000000000000000e+00  2.2445793084912374e-01  0.0000000000000000e+00  2.0997659759403148e-01  0.0000000000000000e+00  1.2076901396474399e-01  0.0000000000000000e+00  0.0000000000000000e+00  0.0000000000000000e+00  0.0000000000000000e+00  0.0000000000000000e+00  3.7770582752130119e-02 -1.2475981590238411e-02 -2.9483429781395863e-02
  0.0000000000000000e+00  0.0000000000000000e+00  6.2500000000000014e-02 -2.6516504294495530e-01  0.0000000000000000e+00  0.0000000000000000e+00  0.0000000000000000e+00  2.6294417382415902e-01  0.0000000000000000e+00  0.0000000000000000e+00  0.0000000000000000e+00  5.9359216769114598e-02  0.0000000000000000e+00  0.0000000000000000e+00  3.0510799897783125e-01  0.0000000000000000e+00  0.0000000000000000e+00  0.0000000000000000e+00 -7.8569173824159200e-01  0.0000000000000000e+00  0.0000000000000000e+00  0.0000000000000000e+00 -2.9124391104358605e-02  3.3492232566475599e-01  1.7069720628841806e-01  0.0000000000000000e+00 -2.3600119376338241e-02  0.0000000000000000e+00  0.0000000000000000e+00  0.0000000000000000e+00
  0.0000000000000000e+00  8.8388347648318405e-02  0.0000000000000000e+00  0.0000000000000000e+00  3.1250000000000000e-01  1.7677669529663703e-01  0.0000000000000000e+00  0.0000000000000000e+00 -2.6294417382415919e-01  0.0000000000000000e+00 -7.3223304703363176e-02  0.0000000000000000e+00  0.0000000000000000e+00 -2.4260799897783067e-01  0.0000000000000000e+00 -7.8569173824159211e-01  2.9124391104357744e-02  0.0000000000000000e+00  0.0000000000000000e+00  0.0000000000000000e+00  3.0730096702465692e-01  0.0000000000000000e+00  0.0000000000000000e+00  0.0000000000000000e+00  0.0000000000000000e+00 -1.3163470628841784e-01  0.0000000000000000e+00  0.0000000000000000e+00  0.0000000000000000e+00  0.0000000000000000e+00
  2.1986043456039800e-01  0.0000000000000000e+00  0.0000000000000000e+00  0.0000000000000000e+00  0.0000000000000000e+00  0.0000000000000000e+00 -4.0830092652386775e-02  0.0000000000000000e+00  0.0000000000000000e+00  1.5562635044921319e-01  0.0000000000000000e+00  0.0000000000000000e+00 -8.9105796863303066e-01  0.0000000000000000e+00  0.0000000000000000e+00  0.0000000000000000e+00  0.0000000000000000e+00  5.2999423049530231e-03  0.0000000000000000e+00  2.5007919999600725e-01  0.0000000000000000e+00  2.2658657998792947e-01  0.0000000000000000e+00  0.0000000000000000e+00  0.0000000000000000e+00  0.0000000000000000e+00  0.0000000000000000e+00  1.2744597521455983e-01  3.7770582752130119e-02 -1.4565748206493208e-02
  0.0000000000000000e+00 -1.2499999999999996e-01  0.0000000000000000e+00  0.0000000000000000e+00 -3.5355339059327379e-01 -6.2500000000000111e-02  0.0000000000000000e+00  0.0000000000000000e+00  2.6516504294495535e-01  0.0000000000000000e+00 -2.0044417382415911e-01  0.0000000000000000e+00  0.0000000000000000e+00 -1.1741747852752246e-01  0.0000000000000000e+00 -2.4260799897783072e-01 -7.8569173824159233e-01  0.0000000000000000e+00  0.0000000000000000e+00  0.0000000000000000e+00  6.8186891104357744e-02  0.0000000000000000e+00  0.0000000000000000e+00  0.0000000000000000e+00  0.0000000000000000e+00  2.2443689110435849e-01  0.0000000000000000e+00  0.0000000000000000e+00  0.0000000000000000e+00  0.0000000000000000e+00
  0.0000000000000000e+00  0.0000000000000000e+00  8.8388347648318460e-02 -3.1249999999999994e-01  0.0000000000000000e+00  0.0000000000000000e+00  0.0000000000000000e+00  1.7677669529663664e-01  0.0000000000000000e+00  0.0000000000000000e+00  0.0000000000000000e+00  2.6294417382415919e-01  0.0000000000000000e+00  0.0000000000000000e+00 -7.3223304703363010e-02  0.0000000000000000e+00  0.0000000000000000e+00  0.0000000000000000e+00  2.4260799897783136e-01  0.0000000000000000e+00  0.0000000000000000e+00  0.0000000000000000e+00 -7.8569173824159200e-01 -2.9124391104358743e-02  3.0730096702465659e-01  0.0000000000000000e+00  1.3163470628841806e-01  0.0000000000000000e+00  0.0000000000000000e+00  0.0000000000000000e+00
  2.3797521952107109e-01  0.0000000000000000e+00  0.0000000000000000e+00  0.0000000000000000e+00  0.0000000000000000e+00  0.0000000000000000e+00 -6.4720869120796255e-03  0.0000000000000000e+00  0.0000000000000000e+00 -1.2539198330023005e-01  0.0000000000000000e+00  0.0000000000000000e+00  1.4046130750425789e-01  0.0000000000000000e+00  0.0000000000000000e+00  0.0000000000000000e+00  0.0000000000000000e+00 -8.7964851976282388e-01  0.0000000000000000e+00  2.0369725024753982e-02  0.0000000000000000e+00  2.5874786151528661e-01  0.0000000000000000e+00  0.0000000000000000e+00  0.0000000000000000e+00  0.0000000000000000e+00  0.0000000000000000e+00  2.2658657998792944e-01  1.2076901396474400e-01  2.8281544887809179e-02
  0.0000000000000000e+00  1.7677669529663684e-01  0.0000000000000000e+00  0.0000000000000000e+00  3.7500000000000006e-01 -8.8388347648318336e-02  0.0000000000000000e+00  0.0000000000000000e+00 -1.8750000000000014e-01  0.0000000000000000e+00  2.6516504294495535e-01  0.0000000000000000e+00  0.0000000000000000e+00 -2.0044417382415911e-01  0.0000000000000000e+00 -7.3223304703363246e-02 -3.0510799897783059e-01  0.0000000000000000e+00  0.0000000000000000e+00  0.0000000000000000e+00 -7.5254610787347287e-01  0.0000000000000000e+00  0.0000000000000000e+00  0.0000000000000000e+00  0.0000000000000000e+00  9.9436891104358049e-02  0.0000000000000000e+00  0.0000000000000000e+00  0.0000000000000000e+00  0.0000000000000000e+00
  0.0000000000000000e+00  0.0000000000000000e+00  1.2500000000000003e-01 -3.5355339059327368e-01  0.0000000000000000e+00  0.0000000000000000e+00  0.0000000000000000e+00  6.2499999999999806e-02  0.0000000000000000e+00  0.0000000000000000e+00  0.0000000000000000e+00  2.6516504294495519e-01  0.0000000000000000e+00  0.0000000000000000e+00  2.0044417382415933e-01  0.0000000000000000e+00  0.0000000000000000e+00  0.0000000000000000e+00 -1.1741747852752213e-01  0.0000000000000000e+00  0.0000000000000000e+00  0.0000000000000000e+00  2.4260799897783147e-01 -7.8569173824159211e-01 -6.8186891104358605e-02  0.0000000000000000e+00  2.2443689110435788e-01  0.0000000000000000e+00  0.0000000000000000e+00  0.0000000000000000e+00
  0.0000000000000000e+00 -2.4999999999999994e-01  0.0000000000000000e+00  0.0000000000000000e+00 -3.5355339059327384e-01  2.4999999999999997e-01  0.0000000000000000e+00  0.0000000000000000e+00  1.6653345369377348e-16  0.0000000000000000e+00 -1.8750000000000011e-01  0.0000000000000000e+00  0.0000000000000000e+00  2.6516504294495541e-01  0.0000000000000000e+00 -2.6294417382415913e-01  5.9359216769114501e-02  0.0000000000000000e+00  0.0000000000000000e+00  0.0000000000000000e+00 -4.7698299897783075e-01  0.0000000000000000e+00  0.0000000000000000e+00  0.0000000000000000e+00  0.0000000000000000e+00 -5.8681795603287579e-01  0.0000000000000000e+00  0.0000000000000000e+00  0.0000000000000000e+00  0.0000000000000000e+00
  0.0000000000000000e+00  3.5355339059327373e-01  0.0000000000000000e+00  0.0000000000000000e+00  2.5000000000000011e-01 -3.5355339059327384e-01  0.0000000000000000e+00  0.0000000000000000e+00  2.4999999999999992e-01  0.0000000000000000e+00 -8.8388347648318349e-02  0.0000000000000000e+00  0.0000000000000000e+00 -6.2500000000000167e-02  0.0000000000000000e+00  1.7677669529663703e-01 -2.6294417382415924e-01  0.0000000000000000e+00  0.0000000000000000e+00  0.0000000000000000e+00  1.6984465132951265e-01  0.0000000000000000e+00  0.0000000000000000e+00  0.0000000000000000e+00  0.0000000000000000e+00 -6.9573299897783081e-01  0.0000000000000000e+00  0.0000000000000000e+00  0.0000000000000000e+00  0.0000000000000000e+00
  2.5758252147247762e-01  0.0000000000000000e+00  0.0000000000000000e+00  0.0000000000000000e+00  0.0000000000000000e+00  0.0000000000000000e+00  3.3824756259137292e-02  0.0000000000000000e+00  0.0000000000000000e+00 -9.2639565439601973e-02  0.0000000000000000e+00  0.0000000000000000e+00 -1.5051162353015810e-01  0.0000000000000000e+00  0.0000000000000000e+00  0.0000000000000000e+00  0.0000000000000000e+00  1.4078654625693454e-01  0.0000000000000000e+00 -8.7439451746788677e-01  0.0000000000000000e+00  2.0369725024754037e-02  0.0000000000000000e+00  0.0000000000000000e+00  0.0000000000000000e+00  0.0000000000000000e+00  0.0000000000000000e+00  2.5007919999600725e-01  2.0997659759403142e-01  9.9196599251790557e-02
  0.0000000000000000e+00  0.0000000000000000e+00  1.7677669529663692e-01 -3.7499999999999989e-01  0.0000000000000000e+00  0.0000000000000000e+00  0.0000000000000000e+00 -8.8388347648318585e-02  0.0000000000000000e+00  0.0000000000000000e+00  0.0000000000000000e+00  1.8749999999999978e-01  0.0000000000000000e+00  0.0000000000000000e+00  2.6516504294495519e-01  0.0000000000000000e+00  0.0000000000000000e+00  0.0000000000000000e+00  2.0044417382415933e-01  0.0000000000000000e+00  0.0000000000000000e+00  0.0000000000000000e+00 -7.3223304703362968e-02  3.0510799897783142e-01 -7.5254610787347254e-01  0.0000000000000000e+00 -9.9436891104358549e-02  0.0000000000000000e+00  0.0000000000000000e+00  0.0000000000000000e+00
  2.7880531217345789e-01  0.0000000000000000e+00  0.0000000000000000e+00  0.0000000000000000e+00  0.0000000000000000e+00  0.0000000000000000e+00  8.0805826175840756e-02  0.0000000000000000e+00  0.0000000000000000e+00 -4.6633503338526290e-02  0.0000000000000000e+00  0.0000000000000000e+00 -1.2074878220871649e-01  0.0000000000000000e+00  0.0000000000000000e+00  0.0000000000000000e+00  0.0000000000000000e+00 -1.5546514439831771e-01  0.0000000000000000e+00  1.4078654625693451e-01  0.0000000000000000e+00 -8.7964851976282410e-01  0.0000000000000000e+00  0.0000000000000000e+00  0.0000000000000000e+00  0.0000000000000000e+00  0.0000000000000000e+00  5.2999423049531896e-03  2.2445793084912374e-01  1.7550450467497686e-01
  0.0000000000000000e+00 -5.0000000000000000e-01  0.0000000000000000e+00  0.0000000000000000e+00 -1.1102230246251565e-16  2.5000000000000017e-01  0.0000000000000000e+00  0.0000000000000000e+00 -3.5355339059327384e-01  0.0000000000000000e+00  3.7500000000000006e-01  0.0000000000000000e+00  0.0000000000000000e+00 -3.5355339059327373e-01  0.0000000000000000e+00  3.1249999999999989e-01 -2.6516504294495524e-01  0.0000000000000000e+00  0.0000000000000000e+00  0.0000000000000000e+00  2.0580582617584070e-01  0.0000000000000000e+00  0.0000000000000000e+00  0.0000000000000000e+00  0.0000000000000000e+00 -2.9419417382415902e-01  0.0000000000000000e+00  0.0000000000000000e+00  0.0000000000000000e+00  0.0000000000000000e+00
  3.0177669529663687e-01  0.0000000000000000e+00  0.0000000000000000e+00  0.0000000000000000e+00  0.0000000000000000e+00  0.0000000000000000e+00  1.3529902503654923e-01  0.0000000000000000e+00  0.0000000000000000e+00  1.5165042944955284e-02  0.0000000000000000e+00  0.0000000000000000e+00 -6.7649512518274640e-02  0.0000000000000000e+00  0.0000000000000000e+00  0.0000000000000000e+00  0.0000000000000000e+00 -1.2074878220871652e-01  0.0000000000000000e+00 -1.5051162353015812e-01  0.0000000000000000e+00  1.4046130750425784e-01  0.0000000000000000e+00  0.0000000000000000e+00  0.0000000000000000e+00  0.0000000000000000e+00  0.0000000000000000e+00 -8.9105796863303066e-01 -1.9712035328171382e-02  1.8569410598868619e-01
  0.0000000000000000e+00  0.0000000000000000e+00  2.5000000000000006e-01 -3.5355339059327362e-01  0.0000000000000000e+00  0.0000000000000000e+00  0.0000000000000000e+00 -2.5000000000000006e-01  0.0000000000000000e+00  0.0000000000000000e+00  0.0000000000000000e+00 -1.9428902930940239e-16  0.0000000000000000e+00  0.0000000000000000e+00  1.8749999999999975e-01  0.0000000000000000e+00  0.0000000000000000e+00  0.0000000000000000e+00  2.6516504294495524e-01  0.0000000000000000e+00  0.0000000000000000e+00  0.0000000000000000e+00  2.6294417382415913e-01  5.9359216769114591e-02  4.7698299897783131e-01  0.0000000000000000e+00 -5.8681795603287534e-01  0.0000000000000000e+00  0.0000000000000000e+00  0.0000000000000000e+00
  0.0000000000000000e+00  0.0000000000000000e+00  3.5355339059327379e-01 -2.4999999999999986e-01  0.0000000000000000e+00  0.0000000000000000e+00  0.0000000000000000e+00 -3.5355339059327368e-01  0.0000000000000000e+00  0.0000000000000000e+00  0.0000000000000000e+00 -2.5000000000000006e-01  0.0000000000000000e+00  0.0000000000000000e+00 -8.8388347648318627e-02  0.0000000000000000e+00  0.0000000000000000e+00  0.0000000000000000e+00  6.2499999999999889e-02  0.0000000000000000e+00  0.0000000000000000e+00  0.0000000000000000e+00  1.7677669529663662e-01  2.6294417382415902e-01  1.6984465132951243e-01  0.0000000000000000e+00  6.9573299897783114e-01  0.0000000000000000e+00  0.0000000000000000e+00  0.0000000000000000e+00
  0.0000000000000000e+00  0.0000000000000000e+00  5.0000000000000000e-01  1.1102230246251565e-16  0.0000000000000000e+00  0.0000000000000000e+00  0.0000000000000000e+00 -2.4999999999999983e-01  0.0000000000000000e+00  0.0000000000000000e+00  0.0000000000000000e+00 -3.5355339059327368e-01  0.0000000000000000e+00  0.0000000000000000e+00 -3.7500000000000000e-01  0.0000000000000000e+00  0.0000000000000000e+00  0.0000000000000000e+00 -3.5355339059327373e-01  0.0000000000000000e+00  0.0000000000000000e+00  0.0000000000000000e+00 -3.1250000000000011e-01 -2.6516504294495541e-01 -2.0580582617584081e-01  0.0000000000000000e+00 -2.9419417382415936e-01  0.0000000000000000e+00  0.0000000000000000e+00  0.0000000000000000e+00
  0.0000000000000000e+00  7.0710678118654757e-01  0.0000000000000000e+00  0.0000000000000000e+00 -5.0000000000000000e-01  3.5355339059327373e-01  0.0000000000000000e+00  0.0000000000000000e+00 -2.4999999999999994e-01  0.0000000000000000e+00  1.7677669529663684e-01  0.0000000000000000e+00  0.0000000000000000e+00 -1.2499999999999996e-01  0.0000000000000000e+00  8.8388347648318405e-02 -6.2499999999999972e-02  0.0000000000000000e+00  0.0000000000000000e+00  0.0000000000000000e+00  4.4194173824159196e-02  0.0000000000000000e+00  0.0000000000000000e+00  0.0000000000000000e+00  0.0000000000000000e+00 -4.4194173824159189e-02  0.0000000000000000e+00  0.0000000000000000e+00  0.0000000000000000e+00  0.0000000000000000e+00
  0.0000000000000000e+00  0.0000000000000000e+00  7.0710678118654746e-01  5.0000000000000000e-01  0.0000000000000000e+00  0.0000000000000000e+00  0.0000000000000000e+00  3.5355339059327379e-01  0.0000000000000000e+00  0.0000000000000000e+00  0.0000000000000000e+00  2.5000000000000006e-01  0.0000000000000000e+00  0.0000000000000000e+00  1.7677669529663689e-01  0.0000000000000000e+00  0.0000000000000000e+00  0.0000000000000000e+00  1.2500000000000003e-01  0.0000000000000000e+00  0.0000000000000000e+00  0.0000000000000000e+00  8.8388347648318447e-02  6.2500000000000014e-02  4.4194173824159223e-02  0.0000000000000000e+00  4.4194173824159230e-02  0.0000000000000000e+00  0.0000000000000000e+00  0.0000000000000000e+00
  3.2664074121909414e-01  0.0000000000000000e+00  0.0000000000000000e+00  0.0000000000000000e+00  0.0000000000000000e+00  0.0000000000000000e+00  1.9822330470336311e-01  0.0000000000000000e+00  0.0000000000000000e+00  9.5670858091272390e-02  0.0000000000000000e+00  0.0000000000000000e+00  1.5165042944955298e-02  0.0000000000000000e+00  0.0000000000000000e+00  0.0000000000000000e+00  0.0000000000000000e+00 -4.6633503338526297e-02  0.0000000000000000e+00 -9.2639565439601945e-02  0.0000000000000000e+00 -1.2539198330023008e-01  0.0000000000000000e+00  0.0000000000000000e+00  0.0000000000000000e+00  0.0000000000000000e+00  0.0000000000000000e+00  1.5562635044921319e-01 -8.9030676506608708e-01 -3.5844622495793232e-02
  3.5355339059327379e-01  0.0000000000000000e+00  0.0000000000000000e+00  0.0000000000000000e+00  0.0000000000000000e+00  0.0000000000000000e+00  2.7059805007309851e-01  0.0000000000000000e+00  0.0000000000000000e+00  1.9822330470336308e-01  0.0000000000000000e+00  0.0000000000000000e+00  1.3529902503654923e-01  0.0000000000000000e+00  0.0000000000000000e+00  0.0000000000000000e+00  0.0000000000000000e+00  8.0805826175840728e-02  0.0000000000000000e+00  3.3824756259137306e-02  0.0000000000000000e+00 -6.4720869120796498e-03  0.0000000000000000e+00  0.0000000000000000e+00  0.0000000000000000e+00  0.0000000000000000e+00  0.0000000000000000e+00 -4.0830092652386796e-02  2.3280353526515346e-01 -8.2498377226850350e-01
  3.8268343236508978e-01  0.0000000000000000e+00  0.0000000000000000e+00  0.0000000000000000e+00  0.0000000000000000e+00  0.0000000000000000e+00  3.5355339059327379e-01  0.0000000000000000e+00  0.0000000000000000e+00  3.2664074121909414e-01  0.0000000000000000e+00  0.0000000000000000e+00  3.0177669529663687e-01  0.0000000000000000e+00  0.0000000000000000e+00  0.0000000000000000e+00  0.0000000000000000e+00  2.7880531217345789e-01  0.0000000000000000e+00  2.5758252147247768e-01  0.0000000000000000e+00  2.3797521952107112e-01  0.0000000000000000e+00  0.0000000000000000e+00  0.0000000000000000e+00  0.0000000000000000e+00  0.0000000000000000e+00  2.1986043456039805e-01  2.0312455549938893e-01  4.9038605673763114e-01
-1002.4790787013411
 52.65470730673701   18.62493156210944   63.634843399474505  29.354194065396598 -58.84514997346203    2.139700303355596 -44.50944193258303   19.693984618542032  -0.978063844747723   6.275192948491494 -17.62741727818485   17.492363100258757  69.91014738018657    7.449134205838206 -26.881681592763158 -78.96860107560939  -56.12037006276138  -70.37217700000932  -71.985063525878     62.137400169406334 -19.09727667038954  -66.77256445739401  -75.07463240873395    8.061906948732855  12.347115902108854  18.965898991495294 -13.575125669913305  38.70042180427777   72.01522785635572   -5.896882301357749
