500000
1.e-08
30
1
-100
100
-2.3085804669059193e+01 -6.3316869827483004e+01 -7.7989353329281272e+01  4.0489514058572553e+01  2.4780063169169296e+01  7.2128782509745548e+01  7.0775382047447920e+01 -6.6681718307060365e+01  7.4352835338078819e+01  7.6596393103727678e-02 -6.8459697531337142e+01  7.3888913690561935e+01 -2.5208511240923798e+01 -5.6938108135262894e+01  4.6630034381914157e+01 -4.6530742114928181e+01 -7.9654002865224527e+00  6.9984198108276274e+00 -2.8731616801240065e+01 -1.3052539624572660e+01  4.5107483157215370e+01 -7.9897265940050204e+00 -1.6279501779247347e+01  4.8033269147926944e+01  6.8938407601741801e+01  9.0118166721517809e+00 -4.7084500406026010e+01 -4.3751592954155711e+01  3.0193081337003804e+01 -1.5858815579553863e+01
-216.7276963542314
1 1 1 1 1 1 1 1 1 1 1 1 1 1 1 1 1 1 1 1 1 1 1 1 1 1 1 1 1 1
1 1
50 50 50 50
1
-1.4842939601498663e-05 -1.3804967390267094e-06 -7.8229156840208809e-06 -4.1284515874994619e-04  3.1094180846864204e-04  1.1743120238521209e-04  4.0077821729376014e-03 -9.9846138317358415e-03  1.1064355476921235e-02  4.2372519965194061e-03 -4.5570061593828384e-02 -3.3491436694484497e-02  4.8620724642479358e-02 -2.7412522271804782e-02 -1.0235675868495160e-01 -3.0348998004836938e-03  1.7736825647983040e-01  9.1209147512708255e-02 -8.6758231382802392e-02  8.3264158830327131e-02 -4.9894248976833429e-02  2.2120703862973481e-01  2.0146024234333440e-02  2.8172531440956727e-01  7.4329536995206169e-01 -7.9957376283720627e-02 -2.2759209646046064e-01 -4.3050545372221319e-02  2.2822495916538288e-02 -4.2948184459933181e-01
 -2.1832742121950403e-05 -1.9367007927257462e-06 -2.7031447071681625e-05 -4.0452923845117172e-04  2.6178428639765335e-04  9.7272437920226408e-05  1.9718953197983189e-03 -4.6257920298526387e-03  5.9730674535697541e-03  3.5008336044136481e-03 -2.2842063574885982e-02 -2.5842007482924562e-02  3.9391932616260804e-02 -3.7605852534529582e-02 -7.2788532202800599e-04 -7.2101700129703669e-02  1.1104736671991242e-01 -1.3628623172631632e-02 -2.8097468427760364e-01  2.9531854099965382e-01  1.8135477902822250e-01  2.5491112824242157e-01 -1.1224194126095345e-01 -5.7528816260044122e-02 -1.4917883309912969e-01  1.2582582127708988e-01 -8.5057208475403240e-03 -1.4463458581895633e-01  7.9923202619042077e-01  1.6368466035627083e-02
 -1.4287277396508513e-05 -9.3959154288403674e-07 -6.3471893467968002e-05  2.7744780066738851e-04 -3.7040302876174689e-04 -1.5256245396368787e-04 -1.0740366789133348e-02  2.7038354914446099e-02 -2.9612769280728059e-02 -7.7107548442829216e-03  8.7824872172166030e-02  4.6962318125309856e-02 -5.1503455345172471e-02  4.1786201307466457e-02  2.2237368791911644e-01  1.1065863095900569e-01 -2.2320575853486752e-01 -1.5414723539121272e-01  9.0491400808703659e-02  1.0200036627107520e-01  4.7864947603141049e-02 -5.1019445517965334e-01 -2.2830218529112122e-02 -2.4208374867291582e-01 -4.5084224692348816e-02 -1.5522622378491996e-01 -4.1948668452286585e-02 -2.6914946405667461e-01  1.5246843885333120e-01 -6.2027296122482467e-01
 -2.0097540182425148e-05 -1.6708963995738849e-06 -4.1822715710222594e-05 -1.6151173328468973e-04  3.4077896349913190e-05  8.4333031702956633e-06 -2.3179423378764750e-03  6.3690594841557414e-03 -4.7649855651912655e-03 -1.7470552446695537e-04 -6.1958632920245654e-03 -2.1453826007680730e-02  6.8883236118664447e-03 -2.4817531216520441e-03 -1.9186770090810986e-02  2.0609430310347815e-02 -1.3085375328196214e-01  3.3168582772188225e-02 -6.2531002163917604e-02 -3.5576107698135344e-02 -3.4608277020400924e-03  1.5026654576361467e-01  6.3354671264456175e-01  1.9831809961113323e-01 -1.4183980964203582e-01 -5.9304939762707187e-01  2.8882407383723296e-01  1.4600864077063272e-01  1.6484568373169189e-01 -9.0254650206924317e-02
  7.4068865841498172e-05  6.4601437304921577e-06  1.0236583072851260e-04  1.2833709560906288e-03 -7.8541827183213077e-04 -2.8373404028541319e-04 -3.2755549081172298e-03  7.9040663868266622e-03 -9.7755066582937266e-03 -6.8009632240641138e-03  6.9623431584853623e-02  5.8014085262283126e-02  6.2977538267173366e-03  1.3585496792176480e-02  1.8954668070767788e-01 -1.7458578983234718e-01  1.1545268473333645e-01 -1.4359704647036642e-01 -6.2521075487263059e-02 -1.4700600945393288e-01  3.3550732915995862e-01  2.1153188550542285e-01  1.5956528674509302e-01 -8.6582406724841250e-03 -3.1447628640323011e-01  1.2506369424719277e-01 -5.2369258359952198e-01  4.1909642721377033e-01 -1.2071278084451460e-01 -3.2189685156424758e-01
 -3.8977272607205223e-04 -3.3598726320734323e-05 -5.6096168311882649e-04 -6.7591354328332418e-03  4.0383443778588980e-03  1.4117645672912680e-03  4.0261856661366309e-03 -1.6142042193044805e-02  5.6851673055078808e-05  3.3763862062523915e-02 -5.5616092727706311e-02 -3.2904163516298199e-02  1.3313780374938158e-01 -1.0886331557029320e-01 -3.8589872996800292e-02 -1.0761705474834490e-01 -1.6539166667937480e-01 -4.5726055372974306e-02 -2.8108382673590498e-01  2.7717947964186623e-01 -7.0706242922998180e-02  3.3698031063337885e-01  2.1583273275733929e-02 -5.2628211975744306e-02 -1.7704632130125869e-01  3.1573928343441193e-01  4.4304854492952717e-01 -1.3049766593143486e-01 -3.8932175738144298e-01 -3.8560747291175068e-01
 -4.1013220913745839e-04 -3.5383196565560591e-05 -5.6417017836892750e-04 -7.5956362122643513e-03  4.6676992121603735e-03  1.6269751890697300e-03  8.1907799954527589e-03 -3.0380227236147639e-02  2.8649528999412990e-03  3.7499827292336273e-02 -4.2533981290530772e-02  4.0216603218567473e-02  1.5221765933052214e-01 -5.3158196387438551e-02 -1.2217861496890764e-01  5.2910403933256377e-02 -1.6086959721779129e-01  2.2791598051557471e-01 -3.2732333246388495e-01  3.0362787311807873e-02 -2.8848211695890980e-01 -3.8884739964769238e-01  1.2918730165688616e-01  5.5761296028562468e-01 -2.5009909826183729e-01  2.4307193944455474e-01 -2.7594000147275605e-01 -4.8903313574256944e-02  4.5603768156340860e-02 -1.3513150704683952e-02
  1.0109109338145602e-03  8.6472749634630502e-05  1.4842315034452531e-03  1.7695097923786283e-02 -1.0448398938953832e-02 -3.5763110174740977e-03  2.1253743490457335e-03  1.8751455167124152e-02  4.8639653801422912e-02 -7.8960632091466476e-02 -5.5311694626745712e-02 -1.6958106285327096e-01 -1.5496882946041521e-01  9.9323059814636003e-02 -1.3304821424375579e-01  2.4093697375201135e-02  1.0485173829956290e-01  1.1091008290874932e-01  4.2028066836988209e-01 -5.1870843881215711e-01 -7.5689871108010204e-02  1.9866926808741858e-01  1.5031579136981482e-01  1.3601056286096014e-01 -1.6991368224400552e-01  3.2092578573405850e-01  8.8943924179509831e-02 -3.4830118341439831e-01  1.7945860627067003e-01 -2.4093482143508990e-01
  1.7098863869513337e-03  1.4505679260010834e-04  2.6253289235398784e-03  2.9003007985273572e-02 -1.6585410660191903e-02 -5.5550920709244401e-03  2.2366695529452883e-02 -1.7486324353910433e-02  1.0715584692702336e-01 -1.2725566144001721e-01  7.1651939382662858e-02 -9.5126221292867685e-02  3.4109452398659962e-01  5.2395822387507673e-02  6.1860355762460473e-01 -2.3780314773459549e-01  3.6749402169677203e-01 -3.8315033002329434e-02 -2.3132574264547642e-01 -2.6650524427138766e-01  2.0517329178567384e-02 -1.4963677602129688e-01  2.3873125555475286e-02  1.3110123537288240e-01  8.1029849570234042e-02 -7.2045472193886587e-03  2.2666055158433907e-01 -1.7784903101700600e-01 -3.0405660359859282e-02  7.5448546188860682e-02
 -5.9282265203023635e-04 -5.0522010745582594e-05 -8.8260227142368129e-04 -1.0343655360596445e-02  6.0527335574307242e-03  2.0526603051439938e-03 -1.8723803037564097e-03 -8.9346785130768533e-03 -2.6346384282407577e-02  4.7195794307907817e-02 -1.6658885535545398e-02  5.0207086883363020e-02  2.7546786239044094e-02 -6.8938658781359213e-02  2.9511671715597015e-03  3.1604658310524884e-02 -3.8311213644784792e-02 -1.2927620423569858e-01  1.6444503046523956e-01 -1.2471544160218441e-01  2.9336995419596439e-02 -1.4520258901045854e-01 -3.7285757236517048e-01  3.3284548443767875e-01  3.7414314941396812e-02  1.1176754134198109e-01  4.3507190480626928e-01  5.9848261156520166e-01  2.2418696845647473e-01 -2.0827572444212164e-01
  4.2689753892938243e-04  3.5928826703450446e-05  6.6397353556442754e-04  7.4194927757729109e-03 -4.2131433273855188e-03 -1.3848044392830621e-03 -5.0316746446284460e-05  6.7137409662361746e-03  1.6419125265061139e-02 -3.0166876832280767e-02 -5.4785984108210546e-03 -2.9932387646298401e-02 -2.0620528718090744e-01  6.5379350394425884e-02 -1.7458142148112091e-01 -2.1670133381700007e-01 -1.3582914761948298e-01  7.9154250322390554e-02 -2.0550210717289341e-01 -1.8727077619123800e-01  4.0158626490485683e-01  5.4014074559764536e-02 -4.7249380667165808e-01  3.0925683093514128e-01 -1.6099114369317175e-01 -3.9617096932618051e-01 -1.6521128904759628e-03 -2.7998089321383945e-01 -1.6039510996569251e-01 -3.8169591054764591e-02
  1.8918730873547843e-03  1.5998851059213803e-04  2.7853728777356875e-03  3.5137227146953602e-02 -2.0779790270140576e-02 -6.9003323841512979e-03 -1.2351350115468524e-02  8.4177454614931174e-02  6.7506553334598318e-02 -1.5498593279648099e-01 -2.6156508113323007e-01 -6.7186286886829216e-01 -1.0925546834473783e-01 -8.0049589928264289e-02 -7.7226371922452450e-02  3.4556706528562797e-01  1.9647283465357895e-01  7.6118192562286566e-02 -1.2312802958083117e-01  1.2474881705030211e-01  3.5982813749049386e-01 -2.2960367948465749e-01  9.7873135493303315e-02 -2.3050023721767784e-02 -6.0554513006059463e-03  7.4583052448649378e-02  5.6516007382276773e-02  1.1320204360410412e-01 -9.9089343765594806e-02 -8.2176075739264220e-03
  6.5887721472186574e-05  1.3662353031334782e-05 -4.1571799014407677e-04  2.1517015482614525e-03 -3.5769180362894351e-03 -2.0573905157636636e-03 -5.3889918436250357e-02  1.3929120905730777e-01 -1.1482921190885181e-01 -3.2254111583915272e-02  4.9175638306319741e-02 -6.3503149346437637e-02 -9.4916833971512127e-02  3.6873948320436795e-01 -9.2382319843173327e-02  1.2105945753902016e-01  5.2510947055819868e-01  5.7769159778664814e-02 -1.1317539018061129e-01  1.0654698140650845e-01 -4.8055838565918618e-01  5.0626658878586472e-02 -2.3121423275267319e-01 -7.1359467583883923e-02 -2.8809541650317616e-01 -2.5025109090683917e-01 -1.0586967057081620e-02  1.0647526947472816e-01 -5.3147570425801982e-02 -1.8340951694278579e-01
  1.6911520621952058e-03  1.4802031924081326e-04  2.2485882430125599e-03  3.0385706015874436e-02 -1.9010680699682401e-02 -6.8590437014754493e-03 -3.2535659382724590e-02  1.1873695444776680e-01 -1.9067940298242478e-02 -1.5817004972699453e-01  2.8443549901043580e-01  3.8280063954103286e-02 -4.7050788851553510e-01  5.1342663156166490e-01  4.9342590552242369e-02 -2.2209977550039464e-01 -1.5299562690464649e-01  2.3570137501301064e-01 -2.2133361676549035e-01  4.5383541680758699e-02  8.5603987558333344e-02 -1.1120247750168108e-01  1.7557796174167689e-01 -3.5089874634507981e-02  2.0428514336138442e-01  2.6094640654864248e-01  1.5413103813789850e-01  1.4658978529672229e-01  3.1738309145289620e-02  3.4113606675311749e-02
 -2.5358802492739669e-04 -2.5016295603698982e-05  2.5886614578860706e-05 -8.6410083107143695e-03  7.0088600424353100e-03  2.7191831919377105e-03  8.2185824232650390e-02 -2.1958167092412437e-01  1.6667857255476315e-01  6.0200857490215726e-02 -6.4999480447758939e-02  3.4134385289477348e-01  2.0011198709923161e-01 -7.4596648035105684e-02 -3.2532637020889293e-01 -6.6302314497188028e-02  2.7763570844082697e-01  5.2275020789458582e-01 -9.0663711451094794e-02 -1.5673715540650940e-01  2.1790627966221232e-01 -2.1313431685413961e-01  5.5475450588599776e-02 -3.3173118501599108e-01 -1.4370818027887301e-02 -9.7493168161312017e-03  1.3806675242960550e-01  8.6214759241857217e-02  4.2506277451261343e-03 -1.4465690526990085e-01
 -2.0855556008233943e-03 -1.6693158106098572e-04 -3.9839181514503561e-03 -3.1651207480637635e-02  1.4403078961052734e-02  3.7853869402871250e-03 -6.9261501396881003e-02  1.8167779139389542e-01 -1.6679491020494985e-01  7.6797972706579454e-02 -1.0741543180451329e-01 -3.1962291911276902e-01  3.3556105010211806e-01  1.6334406323374634e-01 -3.7365402258266989e-01 -3.5257865965306717e-01 -1.9796108677710464e-01 -2.6233331487920913e-01 -2.1901892468849943e-01 -3.3600752564322134e-01 -1.2901303112121965e-01 -1.1301319217873701e-01  1.2817959251912606e-02 -2.7821502298938028e-01  1.1649125448572142e-01 -1.5024482100723428e-02 -4.7608203058071938e-02  8.6081041236719266e-02  1.0437183596979627e-01 -9.8710542817056907e-03
 -6.6380319561260464e-03 -6.7249304591541787e-04 -5.8326641491722644e-03 -7.5201886201561569e-02  6.0204879181199322e-02  3.1700807377546478e-02 -1.2486993436661797e-01  2.5852044161322585e-01 -4.9787424101570033e-01  8.2375509981387193e-02  1.6808014714527375e-01  3.2214850127208711e-01 -1.3770441797405568e-02 -7.4441569641464173e-02 -1.2039841281771971e-01  4.1566568602599430e-01  1.9640138402682170e-01 -2.2950420692075907e-01 -2.4981145101930119e-01 -2.1690025308421049e-01  2.3561933384753958e-01 -2.3390263586639284e-02  1.1504574679700283e-01  5.3076488280723338e-02  6.3460167404964726e-02  1.1491928879642380e-01  1.1381070052093251e-01 -1.4277082556564502e-01 -4.1889725348133310e-02  4.8714636782300300e-02
 -1.8956809800651968e-03 -2.0664282268417636e-04 -1.1038584148340708e-03 -1.6452006446046566e-02  1.6496306524216676e-02  1.0371759757769427e-02  4.8540026207372529e-03  1.9229889272511010e-02 -5.9581239996289899e-03 -6.6814365084747723e-02 -2.5422075606053932e-02  1.0083069307227766e-01  4.1550006022238894e-01  5.1434673594318692e-01 -2.1000834651533817e-01 -7.4225863680996068e-02  1.1430732428998319e-01 -1.7029099424372227e-01  3.6022455215271421e-01  3.6587350828372200e-01  3.0706563793065722e-01 -8.7433638174155254e-02  1.0042718751320572e-01  2.3581951233367573e-01 -4.5500697324188925e-02  4.5851459028062910e-02  3.4007446084288254e-02 -1.0283266176611559e-01 -7.3190827993496549e-02  4.7449218046664229e-02
  3.8342350102949334e-03  5.7182469050279803e-04 -4.5207551942897158e-03 -1.0304529881566247e-02 -3.6132703165650190e-02 -3.8121043393785269e-02  1.3182076176939578e-01 -3.1859605530684798e-01  2.5631995629437959e-01  1.6826502042188821e-01 -5.6080533023480461e-01  2.2642915783835976e-01 -2.5316732520892071e-01  3.0046599740172297e-01  1.8812678798227934e-02  1.3489552969669752e-01  4.1798593019530803e-02 -4.0084405617675850e-01 -2.3485442330453754e-01 -1.2320086531361475e-01 -3.4195097566300736e-02 -2.8627039551751516e-02  6.8244170853887648e-02 -2.4523871224878951e-05  4.9405425046071122e-02  4.5201265972366497e-02  1.9480462829111839e-02 -2.6724542441375346e-02 -9.2074695683441558e-04  2.2946780121096848e-02
  2.3027634933775670e-02  4.4602169306738396e-03 -7.1049728133695506e-02 -1.8596778844814360e-01 -3.2451823870376778e-01 -3.5348296053984246e-01  1.9484406761191911e-01  1.9438310856587099e-01 -3.4753787887237014e-01  5.3061222851573175e-01 -2.6834393627747399e-01 -6.2341978742795054e-02 -4.7020647589909315e-03  9.7394263242588652e-02  2.3403514504659190e-01 -8.6042504564640548e-02 -2.2871076988472495e-02  2.9003728685114860e-01  1.0749106080356965e-01  4.8925995712681913e-02  6.9769989882057820e-02  1.1394606228703082e-02 -5.7056048736553282e-03  9.6848633366441589e-03 -2.0719669340114703e-03  3.6992096385847200e-03  5.7664743902054354e-03 -9.4898760029232549e-03 -5.8490366491873776e-03  1.9253818385537376e-03
  1.4616754351806009e-03  5.5092852675617254e-05  5.2869445554753159e-03  3.3610048277001592e-02 -6.3724515540196881e-03  3.9147411292123086e-03 -1.8591060550771088e-02 -5.0873384678996492e-02  3.3260827445752178e-01  3.4097748532840483e-01  3.3420625674242765e-01 -1.3926021015410522e-01  2.8943945637574797e-01  3.2632253493322466e-01  8.4484452371237834e-02  5.0241403812759189e-01 -2.5164509104261790e-01  1.2697715824480932e-01 -1.1613876283721168e-01 -1.6583485927460884e-01  6.1576258422271379e-02  2.0644722062473458e-01 -1.2316751643306209e-01 -5.2945259552260086e-02  1.7828856180597309e-02 -6.8656249077349652e-03 -3.7172873565044173e-02  3.5621680567912109e-02  1.4468520197443269e-02 -1.3885461556888395e-03
 -2.5194488998831872e-02 -3.9771685596346855e-03  4.0598484966703638e-02  1.7103531574019771e-02  3.1259705628832829e-01  2.8872366608982547e-01 -3.2751190271522690e-01  1.1350188292286437e-01  2.1865871535576062e-01  6.5378294404940940e-01  8.6135636201728510e-02 -9.4409264803790000e-02 -1.9400683993509543e-01 -9.6005763347632375e-02 -2.1884785775400289e-02 -2.3491384520688935e-01  2.0957118158284763e-01 -6.2948519398926733e-02  7.1152872766081579e-02  1.0021160799343760e-01  3.3765205037109600e-02 -1.3002143220859511e-01  9.7153207500187716e-02  6.8845477615968376e-02 -9.1753177436918413e-03  2.5288872263060674e-02  4.5335787173434450e-02 -5.7280160682563801e-02 -2.5557043986035449e-02  1.2774099456523495e-02
  2.7138837557455970e-03 -2.3742723022861763e-03  8.8767522223798079e-02  3.0012439549776199e-01  1.5401338387150398e-01  2.2029238060569023e-01 -2.6283716828563547e-01 -5.9677079042539161e-01 -5.3959803434445797e-01  6.0955203171657299e-02 -1.1166854789908293e-01 -1.3377654141900694e-01  4.0609826751003962e-02  1.4367114892423211e-01  1.3831877843140919e-01  1.5566204195526767e-02 -7.4035001746608695e-02  1.6510345821615913e-01  2.9539999844649049e-02 -8.4537353831553100e-03  2.2288310286491749e-02  4.2714985072010304e-02 -3.0301550333586461e-02 -1.8781560330733620e-02  3.6872269112862479e-03 -5.0101962974949451e-03 -1.0843154013245870e-02  1.3283455424891307e-02  5.9539513478536190e-03 -2.7676924223726702e-03
  3.8830945553050597e-02  4.7117885380376992e-03 -8.0625824903663573e-03  1.7672787096943185e-01 -3.7944281414479608e-01 -2.9681473210470904e-01  2.0022644056631955e-01 -4.1913374734345976e-01 -3.2798760694067286e-02  1.7855199937706417e-01  4.8156405639395444e-01 -1.7354307149199816e-01 -1.0882328084252196e-01 -1.1765931838917348e-01 -2.3157304013047275e-01 -9.0982273656872670e-02  1.8875887168461333e-01 -2.7286101748978797e-01 -2.1661625184208617e-02  3.9651005782607017e-02 -6.4995606581013977e-03 -1.0710425449207420e-01  7.9862866653214168e-02  5.2388647037606269e-02 -7.2006429070675462e-03  1.9684788211040249e-02  3.4850308069917742e-02 -4.3729152896490757e-02 -1.8361194294747210e-02  1.0046118799285035e-02
 -2.2308719017265191e-01  5.6208412467388058e-02 -4.5970865936607153e-01  4.8748336102646522e-01  1.6833092753327344e-01  2.9586854225006981e-01  5.8542308751235916e-01  1.5721381749740093e-01 -8.2435817749743165e-02  8.8927675620613489e-02  7.5096246057528753e-04 -6.0615599984702954e-03 -2.5567233340966890e-03  6.0658412525675300e-03  2.0924835658384993e-03 -5.5929477707303266e-04  5.1909321084625244e-04  1.1610265349450333e-03 -3.4367728567473466e-05 -6.4087014199661315e-05 -1.0438716769855914e-04  5.1042603440346659e-05 -2.0492974719651302e-05  7.0673899139755346e-05 -3.5857524798061811e-05 -1.3248290494988976e-06  1.6377885446986696e-05 -3.5665485099128603e-05 -2.9425386034509138e-05  4.2253247625851810e-06
 -5.3893480841204051e-02  5.5767674427956437e-03 -9.2067059972010840e-02 -7.1633674251817459e-01  4.0390069492150860e-01  1.1025858296488905e-01  3.8649352689929317e-01 -2.8057373347585746e-01 -1.2562551733363664e-01 -3.3482579182255584e-04  1.5802381004487173e-01 -1.6484726955345216e-01 -4.4397999804065717e-02  3.5454817344651321e-02  2.6830543995031240e-03 -7.1498058300718042e-03  2.1261901045425712e-02 -1.3741014170698838e-02 -5.5556884968255742e-03  2.2401124838190793e-03 -8.2022791847444574e-03 -5.9494495955812040e-03  3.7620786465294206e-03  5.6058211169723888e-03 -2.6025968380776112e-03 -2.9914193241676966e-04  1.5561743335851929e-03 -2.3825166736227868e-03 -1.8848052614280535e-03  1.4111125565628637e-04
 -4.4392550295192912e-01 -4.8167648194487400e-01 -5.6042382864154416e-01 -1.9084408172640727e-01 -2.9171236196956640e-01  1.0294428033946573e-01 -3.3194415906924685e-01 -1.0651822553662804e-01  3.4397988732303916e-02 -4.4778260991231104e-02 -3.2968164063059091e-04  9.5115268349044700e-04  1.5309912941514879e-03 -1.5749599281944546e-03 -3.2268937985377672e-04  2.5658807886049553e-04 -6.1412478022849202e-04  2.2532856635693724e-04  1.6570818409174367e-04 -3.6345521918851675e-05  2.3563226063303148e-04  1.4604781469618604e-04 -9.4311892641271011e-05 -1.4763366317191077e-04  6.8736711078007457e-05  7.7163339221335984e-06 -4.0674475860824978e-05  6.3065652408353178e-05  4.9953862314830544e-05 -3.9183440163272849e-06
  4.5615776004351759e-02 -4.8767944518351769e-01  4.9384338922342808e-01 -4.9368092147873827e-02 -3.5453698947264378e-01  5.4420536390433749e-01  2.8906617108265253e-01  7.1933521249443855e-02 -3.7677900140059180e-02  4.0842410726944722e-02  5.2968794851060846e-03 -6.7097105385326584e-03 -2.7317923518776232e-03  3.0044898686278198e-03  5.8326109286379886e-04 -4.7216764774651220e-04  1.1302266162157987e-03 -4.2694880555914035e-04 -2.9146503223141884e-04  8.1039733104985010e-05 -4.2861792498935010e-04 -2.7499903135971214e-04  1.7680842022065350e-04  2.7666264282452695e-04 -1.2882174114217434e-04 -1.4443086265122519e-05  7.6238227382052244e-05 -1.1820432200091956e-04 -9.3633505699122364e-05  7.3433059624052264e-06
  4.9832479236918870e-01  4.4828287457927263e-01 -3.5996940353678092e-01 -1.7813428156556660e-01 -3.9835748214695882e-01  4.6873189356458583e-01 -9.6745903969309294e-02 -3.7796556546289814e-02  7.5268537217861127e-03 -1.2490704856373821e-02  1.6384895972111919e-03 -1.7555757780144555e-03 -3.4642509989699076e-05  1.0085908794313549e-04  9.4293190653863051e-06 -1.0674217790299145e-05  2.5768768563084392e-05 -1.3870402341748039e-05 -2.2903015840040549e-06  6.4347740999117725e-06 -8.1411582493320637e-06 -8.2947652206537174e-06  5.0867093187682115e-06  7.9244683658656825e-06 -3.6931836996502455e-06 -4.0825138323016649e-07  2.1885367427880913e-06 -3.3922945511698987e-06 -2.6886606768272046e-06  2.1042437632491617e-07
  7.0504535182214578e-01 -5.7091507109843420e-01 -2.7909324861820339e-01  1.0307565220569523e-01  2.4806960808852693e-01 -1.6168724297258111e-01  2.5417249084052820e-02  1.0613933688323205e-02 -1.5668924404968932e-03  2.6099613201700650e-03 -2.6473372588834587e-04  2.7830438361128786e-04 -1.4182540004577850e-05  3.7291929028569116e-06  3.0493255301057578e-06 -9.0228405862727237e-07  2.4122789325401186e-06  4.1497530624836191e-07 -2.2491025528044769e-06 -1.5116927928258190e-06 -1.5313267909953986e-06  1.4759122390539532e-07 -4.1792460806786818e-09  6.5979805246982757e-09 -1.8558285401524207e-09 -2.3278118498337042e-09  3.8152555635832709e-11 -4.1881073470972153e-10  2.2696739681817868e-10  1.5460890474178785e-10
-216.7276963542314
-2.3085804669059193e+01 -6.3316869827483004e+01 -7.7989353329281272e+01  4.0489514058572553e+01  2.4780063169169296e+01  7.2128782509745548e+01  7.0775382047447920e+01 -6.6681718307060365e+01  7.4352835338078819e+01  7.6596393103727678e-02 -6.8459697531337142e+01  7.3888913690561935e+01 -2.5208511240923798e+01 -5.6938108135262894e+01  4.6630034381914157e+01 -4.6530742114928181e+01 -7.9654002865224527e+00  6.9984198108276274e+00 -2.8731616801240065e+01 -1.3052539624572660e+01  4.5107483157215370e+01 -7.9897265940050204e+00 -1.6279501779247347e+01  4.8033269147926944e+01  6.8938407601741801e+01  9.0118166721517809e+00 -4.7084500406026010e+01 -4.3751592954155711e+01  3.0193081337003804e+01 -1.5858815579553863e+01
