500000
1.e-08
30
1
-100
100
 14.73969734533462  -66.99712601077259   14.20047521691643   55.849144105286456 -44.851435143923304   4.59457525474059   21.5320910823322   -42.46960128033667   71.13292049134515  -66.7058148555755   -57.41193902231753  -67.31628577657774  -59.880137314193846  22.86348942638476   18.639075502451888  50.89333870143395  -20.815914592724937  55.207092518641645   6.0182163633187    42.668594754186074  -9.770375954127331 -79.42623120449136   52.471418904208576  16.666102991665568  67.44028404451515   43.19925849265499  -53.8973979647828    48.16722655647271  -25.369744358154435  12.633647566518519
-194.03819354550546
6.0304809652745951e+02 6.5702571876381319e+02 8.9385640492345465e+02 4.1831409031135735e+02 3.5552593805582546e+02 1.0000000000000000e+03 9.6953097155687067e+02 1.8558405860219142e+02 5.9116756701199870e+02 1.0000000000000000e-02 3.1705315892199559e+02 7.0110679423132558e+02 9.4467590273958751e+02 5.7591326148485348e+02 5.1272536423185534e+02 4.5254979656478935e+02 1.0097936127782299e+02 8.4972957915877419e+02 9.6999126008836549e+02 2.3128752499038381e+01 6.3269242862757199e+02 6.5608886967705450e+02 6.7914264295054090e+02 2.8875634834640891e+02 5.8164057665197925e+02 8.7406785217934998e+02 5.1450059230583997e+02 7.6327359492623305e+02 9.3700311370569477e+02 3.5577687326887957e+02
0.7 0.2
25 10 20 50
0.6
 1.2071996436154584e-09  1.4627321365627832e-08  9.7940533579619830e-06  2.4691707423129388e-05 -4.5190057209647290e-05  6.1898454268985773e-05 -1.4570941763115662e-04 -4.6622134982474066e-05  7.5077801684775571e-05  9.4521189555395147e-04  1.1528309465495382e-02 -3.8077137708087960e-02 -5.8211668622093225e-02  1.1040769729728735e-02 -5.2476082264286475e-02  6.2396641794166367e-02 -3.1290961920432611e-02 -1.7496184031750541e-02  1.4057630390280285e-01  2.2290933492221768e-01  2.0851323963975610e-01  1.8358525153702240e-01  1.0663637343418314e-01  1.7427331482638218e-02 -5.9972449492566571e-01 -4.4736583744387426e-01  3.1553450017866025e-01  2.9449572859004636e-01  1.4042349328321241e-01  2.5070439866997052e-01
 -2.0114358434094105e-09 -2.5439828084872992e-08 -1.7706108649440423e-05 -4.3996184021469616e-05 -6.4640753591936321e-05 -9.0800763671780853e-06  1.4977246447619107e-04 -6.0621260426431715e-04  4.7649452103843093e-04 -3.2339891213030414e-03 -5.7958020349594243e-03  3.0814081560170486e-02  5.6534710185116147e-02 -8.0742750278509842e-03  2.7921650201376751e-02 -5.0559598312171106e-02 -1.2289652462504679e-02  1.1061667756749801e-02 -1.1126265056308385e-01 -4.3690914984753981e-01  2.0744615161544519e-01  2.3533542414420311e-01  5.4246352426578415e-01  4.7968084275404582e-02  3.4718475731096077e-01 -8.8649406362993219e-02 -1.0681164821432734e-01  1.3597239323884922e-01  2.0820577698492282e-01  4.3845075312033110e-01
 -8.2680174998975477e-09 -1.0652302764808839e-07 -7.5164345774940758e-05 -1.8662130280365017e-04 -3.2676526160565551e-04 -4.0720494954364552e-05  4.7958528796906584e-04 -3.1179257907107578e-03  2.5992042695476138e-03 -1.0868392699782937e-02  6.6530186633493964e-03  1.1582654116393566e-03  4.1774626216661129e-02 -8.5163898684566790e-03  1.9556169681831735e-02 -4.8753966156703937e-02 -3.6997979755617083e-02 -2.0338960027139394e-01  5.8463171836780972e-02 -2.0486030916597636e-01  3.0586571029844678e-01  2.4149224975854144e-02 -4.6659247576848389e-02  5.7950621321192763e-01 -1.0779243866815902e-01  3.2409693598884604e-01  2.0871909651440926e-01  5.3125157430285813e-02  4.1557441577601728e-01 -3.7313922443153691e-01
 -1.9629483945772351e-08 -2.6791342188864338e-07 -1.9722847602700544e-04 -4.9337817033375778e-04 -1.6681650792645130e-04 -7.7301488881731742e-04  1.2763337461059523e-03 -5.7077248713251266e-03  4.5322134004536956e-03 -1.5036422334247200e-02  1.1278043171362414e-02  6.9890300505037438e-03  7.0837387429218690e-02 -5.0100432532577044e-03 -9.4154910992750758e-03 -5.6514823208167732e-02 -5.9234435002208388e-02  2.1143311135881793e-01  3.3710578380572148e-01  1.8550338880124748e-01  1.8998466699283692e-01 -5.3774408950111308e-01 -5.8170856470825136e-02  2.2238259616610009e-01  1.0534333723641032e-01  1.6522219090749851e-01 -2.5195341495730178e-01  4.8160373397581518e-01 -8.6952213539665091e-02  2.7472239731314485e-01
 -1.4062610456871628e-08 -1.7900077301991835e-07 -1.2480754025746095e-04 -3.1108383367099300e-04 -2.8340215854787701e-04 -2.8988700692059670e-04  8.7908308061984079e-04 -4.1695512766683710e-03  3.4409856273787836e-03 -1.3279442819235316e-02  1.3572758347242808e-03  3.3758813516789853e-02  9.9774832539121311e-02 -1.3045306900792303e-02  2.7556875810889111e-02 -8.9986286209570679e-02 -4.4589251268772293e-02  2.1020068568319494e-01  2.5113222432110949e-01  1.7173554146750847e-01 -8.7570515756675779e-03  6.1035869408138121e-01 -4.9352828874294083e-02 -5.3435938031093477e-02 -2.2091261201147966e-01  5.6056043156266311e-01 -2.3860046773489141e-01 -4.9110288758496906e-02 -2.2965413929196522e-02  2.0032831896630607e-01
  1.1740289428934233e-08  2.0269505421954566e-07  1.7205230039101131e-04  4.3564368953575081e-04 -7.6539975367691682e-04  1.5820156173830611e-03 -1.0665383023136491e-03  1.6540100116198503e-03 -6.9066145237159219e-04 -2.6184404198980127e-03  6.2974964981866131e-03 -7.7716282780854089e-03 -1.0465522055489528e-02 -4.4336296152117536e-03 -2.6048598238640849e-02 -3.9385196208480862e-03 -8.1616951634386994e-02 -4.1427274958071558e-01 -2.1965631430752398e-02 -1.7268208559228410e-01  4.2927285950875083e-02  8.3230281492561384e-02 -2.9873177804738615e-01  3.8375469409672230e-01 -1.8591911593807914e-01 -2.7600551867400303e-01 -5.3906612039388713e-01 -2.0047984604469790e-01 -2.2839092088869301e-01  2.2695192011838800e-01
  8.2729748367147330e-08  1.1937003015997983e-06  9.0997889904778639e-04  2.2926297112290462e-03 -2.3429643385123378e-03  6.5637794349400749e-03 -5.9751172957290431e-03  1.5287223170383817e-02 -1.0816005235066675e-02  6.7401278854332409e-03 -2.2381869296768477e-02  6.0765053764743726e-02  2.3085571359838776e-02 -3.8694498287754689e-02  1.2846560228889353e-01 -4.6191855273796663e-02  8.5761924008765700e-02 -1.7538072665265553e-02 -1.8886438423772534e-01 -3.9900442056051094e-01  3.0605150439611173e-01 -6.8357288018227810e-02  9.5705797614991733e-02 -1.3211371219308357e-01 -3.1489665621791407e-01  2.3594300727260037e-01  1.6104045027606695e-01  1.7449440170617386e-01 -6.5499996856125076e-01 -8.3221045225895768e-02
  1.4334755347199104e-07  2.0897555698548807e-06  1.6063310003444503e-03  4.0460375379263950e-03 -3.8244746194982964e-03  1.1308614914220749e-02 -1.0494924636833880e-02  2.7952716854782386e-02 -1.9742157347110299e-02  2.1232338883234531e-02 -3.8325410723312942e-02  7.7164437580350687e-02 -3.4742236214648260e-02 -5.1581672174923626e-02  1.6949884049259195e-01  5.1647334281576104e-03  1.3813845950134349e-01  6.5483251009361032e-02 -1.5944899156237086e-01 -5.7561717028381115e-03  7.6295475771382168e-02  3.5682820358454331e-01 -3.0666960527724002e-01 -1.0962910868860867e-01  1.9139040315532113e-01 -2.2483161733686538e-01 -2.7381929300821894e-01  6.0650095277532190e-01  5.4424121351655447e-02 -3.7021286636390000e-01
  3.4176281341497831e-08  1.3884868844992485e-07 -6.5334953820723977e-05 -1.7485944480776736e-04  1.3739799241981980e-03 -1.9774073833685717e-03 -3.6030926311819998e-04  3.8880483418760161e-03 -6.0714416222382422e-03  1.9144329857766033e-04  1.6524616348878876e-02  1.5001358289560320e-03  1.0763917465479632e-02 -2.0158516544104069e-03  2.0348630400054208e-02 -1.0828606658783382e-01 -7.1798054013890222e-02 -1.1108964488810890e-02  4.1073003851363743e-01  1.8833547279945562e-01  2.7872234199499035e-01  2.7975085283735202e-01 -1.5187846084016871e-02  2.0429234688889195e-01  4.6225599284775221e-01 -2.2617875408773924e-01  3.1608019108204688e-01 -1.5332226943002683e-01 -4.2758932623225276e-01 -9.4667167494570492e-02
  4.5499737099918689e-08  8.8914883857309636e-07  7.0950638823098473e-04  1.7850727359059338e-03 -2.5651798721810447e-03  5.9328463689344649e-03 -4.4040470370225087e-03  8.8107312048515268e-03 -4.7154621466329854e-03 -2.2769507508682389e-05 -5.4369013566585397e-02  1.1928129005067956e-01  1.3754078504284745e-01 -5.0536674764999609e-02  3.0758620049017144e-01 -6.0818149250711800e-02  1.9511814841478073e-01  5.9054641651566975e-01 -1.2757835351921321e-02 -3.9092201095611012e-02  3.5493120027734765e-01 -1.0896712699549307e-01 -5.7736147104532065e-03  5.1709046056529241e-02 -1.5585367570853353e-01 -2.5319604317139882e-01 -2.0731618100079569e-01 -4.1308754098748490e-01  1.2748096432043843e-01 -1.2464397828187182e-01
 -5.8160507736423810e-07 -1.7604085206735171e-06  9.4309857590029638e-04  2.3490198248619747e-03 -1.0160030936025029e-02  1.6484425607808988e-02 -1.1822552984649582e-03 -1.2644714902935063e-02  2.5072505741234472e-02 -6.8086000616333062e-02 -3.9754931257671391e-02  1.4872903826936407e-01  3.7770137632245498e-01 -1.2127291484468669e-01 -3.3280111434362082e-02 -2.2273874440412292e-01 -3.0135300034568285e-01 -1.7235718102444275e-01  3.6028683555745900e-01 -3.3804192804249167e-01  1.0960726558429165e-01 -8.5887860745800904e-02 -3.0833108317989666e-01 -4.7828492005098888e-01 -1.0315758034030537e-02 -8.3364696891054621e-02  6.8172845115316266e-02 -2.9947366938257849e-02  2.0453237249882944e-01  1.2574874584552476e-02
  3.4918981245727923e-07  1.6510824152370894e-06  1.0886475867665061e-03  3.0488231900639689e-03 -2.7445499158365201e-02  3.4852511614894291e-02  4.7880327474653886e-04 -7.6278642472386290e-02  9.7209051624053022e-02 -2.3182395196528771e-01  5.6869356670468163e-02 -6.4176075368242325e-02  5.6249087652637064e-01 -2.3425086197904602e-01  2.7288872484724780e-03 -3.2556657067471056e-01  1.3879875752016141e-01  8.0264182855098606e-02 -3.9236199635825297e-01  1.2692922227939335e-01 -2.0315746747311575e-01  4.3003209125642559e-02 -1.7595913574065078e-01  2.4590452251953435e-01  3.9170676727253537e-02 -3.6828467857084005e-02  2.4350711351175056e-01  7.0051097569135426e-02 -5.9003959941004200e-02  2.0855090511914454e-01
 -1.4398193775976164e-07 -6.3085851208034873e-07  1.3364973972901429e-03  3.5108551823602226e-03 -7.2555005733591126e-03  1.4714868252432470e-02 -6.3491325797774816e-03  9.6797813721306650e-03  2.9341450762221449e-03  1.0134608325540872e-03 -3.1276477791477610e-02 -4.4778944144326344e-02 -1.4451113308352675e-01 -3.2048909456951241e-02  2.4246733328377376e-01  1.5880110756409793e-01  2.1918257411210856e-01 -2.8540016616777258e-01 -2.4534917308830206e-01  2.5875767632530833e-01  4.8292861259965525e-01 -4.6145181345554266e-02 -3.2258508547329673e-01 -2.2408250151203546e-01  1.7600154405721966e-01  1.9651096237555743e-01  1.2330766573472747e-01 -1.2197692591663351e-01  1.4795601439918885e-01  3.5047700448124719e-01
  1.8432057083729500e-06  3.1828756702113703e-05  6.0007138821616193e-03  1.2897104024186663e-02  7.4060150693291468e-03  1.1669066489892797e-02 -4.9876738508711646e-02  1.4755182625194196e-01 -1.5220090686686003e-01  1.8727686519024869e-01 -1.0131640129256851e-01  3.6294036533242097e-01 -2.9589932017264942e-01 -1.1600118712057658e-01  1.7567224121846856e-01  1.3738279948847057e-01 -1.9188707426639293e-01  2.8848159974445092e-01 -2.5120348135685616e-02 -2.6909649106420241e-01 -2.6738474578628785e-01  3.5565547447645854e-02 -3.6394271189548172e-01  2.0848252379395277e-01  4.6140041296053279e-02  1.0973874497179945e-02  3.0743117913448698e-01  2.6252927580627063e-02  8.5380109065617271e-03  2.9168666985066344e-01
  5.6837305100505571e-06  3.7737959575033942e-05  1.0320662889785979e-02  2.6303199153906276e-02 -4.4356468429431355e-02  8.4633607123908272e-02 -7.9249795385343380e-02  8.5046851467990556e-02 -4.6596201325809460e-02 -1.2596319447526250e-01  1.6783073504078230e-01  2.9408523581410134e-02 -5.2274321817087466e-02 -3.6284522045471851e-01 -6.1248003353796920e-01  2.4233233603915016e-01 -3.4975788139607861e-01  2.2311033597179841e-01 -2.6824502075787260e-01  5.4460248070578643e-02  3.0548530342232250e-01  3.9260596318114661e-02 -6.4126696357864887e-02 -2.6936053757927021e-02  4.5395151004374176e-02  1.9204126514842434e-02 -6.6595454505853025e-02 -5.0775289383756486e-02 -2.6646796545003786e-02 -6.6019782915824374e-02
 -5.8815956222382565e-05 -1.7375147853075838e-04  2.4489645555641953e-02  4.7265231904891646e-02 -1.3134733866675111e-01  3.4378490582097959e-01  7.9183781382939578e-02  1.3435370509329414e-01  2.5019983071968216e-01 -2.6088227812914039e-01 -2.8257782909912782e-01 -1.0092124529479321e-01 -3.7651250939960745e-02 -1.9749748721865643e-01  4.6563614139695780e-01  1.0286149472179598e-01 -5.1383855662257805e-01 -7.0287202128767517e-02 -7.9247022565238939e-02  1.5676119561818430e-01 -4.7797657931879026e-02 -2.0488127424610598e-02  1.8810685175244457e-01  1.9745774445967916e-02 -1.8336568050252629e-02  6.5035918897771924e-03 -5.4114595045427635e-02  9.8814154488484143e-03 -2.9748203365505568e-02 -7.9355728522621932e-02
  3.8969130612518989e-06  9.3152640178470312e-05  9.6467541178559130e-03  1.6409867481747116e-02  1.8430124000206407e-02  5.8369464342704937e-03 -7.2461331945783691e-02  1.9513712011478071e-01 -2.3202751341249234e-01  1.3138481370325367e-01  6.3802806016232089e-02  2.4241611719242642e-01 -3.1558973151180320e-01 -4.2011641882718842e-01  2.3293409583066870e-02 -6.4448461075270524e-01  3.1826901000156387e-02 -1.7423658807984782e-01 -4.4435665735663724e-02  2.0112778924053734e-01  2.8408723462597860e-03 -6.7213423054531693e-02  1.8830493448733571e-01 -4.4256236312564610e-02 -5.0758744073641941e-02  6.0860675258689288e-03 -8.2328461779072548e-02 -2.7565110510765010e-02  4.3397765263796011e-02 -4.7180274049330728e-02
  4.8801310895537547e-05 -2.1987291404204539e-04 -1.3748871093652396e-02  1.9514200550245275e-02 -8.9001883586191100e-02 -3.9581231080419249e-02 -2.6260512783111001e-01 -1.2084442740477336e-01  3.6605664622430412e-04 -1.3448805518192705e-01  2.2795977393251049e-01  6.0355237093900571e-01  2.2571440160043041e-01 -2.3282340742382684e-01  1.3798824121694581e-01  4.2331963959905622e-01  1.7989637569728395e-01 -2.1613190518331085e-01  1.3164324773305663e-01  1.2522297740272129e-01 -8.9991903836155740e-02 -1.9715530870100199e-02  2.0419410641556790e-01  2.8155452568545045e-02 -1.1110159348213404e-02  1.0417442042960249e-02 -4.0373940803077941e-02  2.6762315443379530e-03 -2.8733517842759890e-02 -5.3838053218411057e-02
 -6.5650805580567826e-05  5.8546407224123568e-05 -7.5461436536724989e-03 -7.2755663212497393e-02  2.2390686316219480e-01 -2.8412562375397654e-01  1.5666072298399536e-01 -2.2713947917541083e-02 -2.5379532038201708e-01  4.3716222690331646e-01 -4.2433564285899678e-01  1.9555725363426851e-01  3.6244916992289883e-01  8.9188311398520043e-02 -2.2190289487903261e-02  8.8807445548211003e-02 -2.8293818036683144e-01 -8.2641679570255214e-02 -2.1806977941989797e-01  2.3923517458308310e-01  8.0729384108785385e-02 -5.5276434996283930e-03  1.1528638932815749e-01  2.5575646613835355e-02  7.1351329093473012e-03  1.0700741308653457e-02 -3.4395885273287255e-02  3.6104082269402841e-03 -3.6253204783105258e-02 -4.8578657599194663e-02
 -8.5104655125274291e-05 -4.0624229794237543e-04 -9.0996013351621174e-03 -6.9763819706472482e-02  1.6685551360244077e-01 -3.6014380642348076e-01 -7.1358731942754550e-02 -4.8132478831896025e-01 -5.9649695630621530e-02  1.2057286526288816e-01  4.7516317578189737e-01 -2.7380043510362573e-01 -8.2369845611098128e-02 -2.0470507353712947e-01  3.3581411157557045e-01  7.7075123116370492e-03 -3.3707516188989056e-01  5.0829426797567148e-02 -5.3328285426985485e-02 -1.6741928119139531e-02 -9.9559977604247937e-03 -1.0037255655970772e-03 -6.1150827700628720e-03 -2.0525675384133281e-02 -5.3142967059649909e-03 -6.5536760213328890e-03 -5.9677001247239493e-03  1.0235283805428753e-02  2.3898886958009548e-03 -1.6564584792887825e-02
 -3.9907322373950035e-04 -1.3694136840435561e-03 -6.3411308921171444e-02 -1.5097966084781442e-01  1.6449450425328641e-01 -2.4962831600470353e-01 -2.3222066834867747e-01  2.2391962483371086e-01 -4.8766096251310781e-01 -3.6742031488572491e-01 -3.0072423561541595e-01 -3.6354984802107287e-01  3.7340105827548341e-02 -2.9425997381536922e-01  5.8128791502642968e-02  1.8001765019919230e-01  1.4701779071513846e-01 -1.4657369885202835e-02  1.6051726490194504e-01 -8.6830238234395882e-02 -7.0876173761184838e-02  2.4264149565817526e-03  1.8919820683832606e-02  1.7955008515732271e-03 -3.7588194942605908e-03  3.3107984011053948e-05 -2.5860639621336674e-03  9.1678149178160066e-04 -9.7513189392221507e-04 -3.5338135867318599e-03
  7.0828781986800513e-04  3.2310320067980430e-03  3.0870906324593769e-02  1.5754218321516783e-01 -8.3225270744432214e-02  1.1324053325451615e-01  2.1535575493782402e-01  6.0074091949154895e-01 -2.2913087376446720e-01  2.7824218431617698e-01  4.9602941990884131e-01 -1.9640424560751474e-01  2.7660708139758367e-01  9.3477723065782167e-03  1.6641372663023507e-01  1.5551465449770721e-01 -1.2428552798266523e-02 -3.6758549151487706e-02  2.9292855250390687e-02 -4.9843388358610310e-04 -3.2352504262505584e-02 -4.1552811550528623e-03  2.3284317911863309e-02 -1.0018188194057150e-02 -2.7038194083502942e-03 -3.0531734845647618e-03 -2.1413846357369415e-03  4.9486432308280155e-03  4.0515333398980554e-04 -8.1169815463888080e-03
 -8.6267210429409288e-04 -4.1865294058469598e-03  2.4334189366296721e-02 -1.3458176415858369e-01  2.3614992653901773e-01  1.0395680035903100e-01  5.3875231124358192e-01 -1.0686481366363629e-01  2.6661339024970682e-01  2.3591981450459223e-01 -1.0318480862658211e-01 -8.5209171775538009e-02 -2.8690938090404877e-02 -5.5554541877737162e-01 -7.7734330882434061e-02  1.7749682867414074e-01  2.7619853389331867e-01 -2.3138848145423219e-02  1.8118451791324813e-01 -8.7168731813723699e-02 -6.1295316684534661e-02  3.9037750734086775e-03  1.3591913659465049e-02  1.1149115146891176e-02 -1.6939781068171368e-03  2.8949556698072121e-03  3.2064723338187358e-04 -3.8194029160864918e-03 -1.3175436751897197e-03  4.7803160469839200e-03
  3.7091016189102922e-03  3.4404591632637295e-02  2.5294202453287956e-01  2.1275266749841495e-01  5.7700449859773717e-01  1.4308036112225458e-01  3.8180649201459299e-01 -7.1725905645216151e-02 -2.6478394293473989e-01 -4.4693240181981542e-01  1.4887818000935144e-01  2.1581877953122336e-01 -6.7917383529499956e-02  1.9208584241356114e-01  2.7024756135991469e-02 -2.0859132621100323e-02 -4.4259472722335866e-02 -3.1143059940810323e-03 -3.7177806630695830e-02  2.1205016540342861e-02  1.1322522435321655e-02 -1.6155476955637530e-03 -2.0406591481132268e-03 -3.9562529425941741e-03  3.6607051594394590e-04 -1.0977518807928914e-03  8.5883752683016889e-04  1.0633380644755072e-03  1.0554217592034997e-03 -2.8183535461595322e-04
  4.3693063471024404e-03  4.4840504417647087e-02 -4.0914867053707082e-01 -5.7990776896902385e-01  1.8256634430020435e-01 -2.7510832667750523e-01  1.5646868360244059e-01  3.5345670752716479e-01  2.9388229439246588e-01 -2.2280083245042070e-01  1.7749329658428115e-01  1.7982362878764296e-01 -5.6508985614562877e-02  1.3306005927524125e-01  2.5319569176986471e-02 -4.6683691200340063e-02 -8.3971800491417128e-02  6.4518504353131192e-03 -6.1375141649798994e-02  2.9833924461257981e-02  2.1691669495941382e-02 -1.3519878752746180e-03 -6.2232317184028503e-03 -3.7886689175353453e-03  8.4826737949411386e-04 -9.6793530096566467e-04  7.0490987392033951e-04  9.7000278000933986e-04  8.9728751207018582e-04 -3.3975423631066179e-04
  1.6620660514202707e-02  1.3436004399072271e-01 -4.1187868929763560e-02  6.5755409872112258e-01  8.1297101708528663e-02 -5.6637930590788954e-01  1.4767416135717464e-02  2.2744688155937962e-01  3.7850342959165673e-01 -8.1289636110530736e-02 -8.5290030094736471e-02  7.5898055853209148e-03 -5.4549259287939501e-02 -8.6592606958813712e-02 -1.5844703111048582e-02 -1.4345158679537982e-04  9.4211905467732285e-03  5.6143317951911822e-03  1.0947975824804395e-02 -8.3514190074895321e-03 -2.0607507240741787e-03  1.0182126381503924e-03 -6.6774110624514540e-04  2.3169953707301788e-03  1.7549637118547865e-05  6.7609004484036890e-04 -4.8649033177591936e-04 -6.7160917707655870e-04 -6.3340226590727496e-04  2.2684074734660392e-04
  7.2270253301141549e-02 -6.2233784889635391e-01 -1.5865422345252794e-01  8.3040918289909005e-02 -4.5826284397472072e-01 -2.3989508739762036e-01  4.4923111579119046e-01 -1.1275006792023406e-01 -2.1046164951071164e-01 -1.9731397487461558e-01 -1.1836024520567263e-02  7.5479092435383310e-02 -6.4011507258401490e-02 -3.8578141421749200e-03 -3.8851790192166507e-04 -5.0974129013092988e-03 -9.5272874895814871e-03  3.5269743234544668e-03 -4.2518290938775485e-03  4.0167021730619910e-04  2.0038896356336777e-03  2.4792900864113233e-04 -1.3350955202344529e-03  2.3561124557052799e-04  1.3383060729950581e-04  8.7692103853674277e-05 -6.8295296079085927e-05 -8.7667160619543449e-05 -8.7358588422107751e-05  2.5856427832437793e-05
  1.5479564845827551e-01 -3.8393108833645817e-01 -6.6222960023633626e-01  2.7593302345797599e-01  3.9290430810273164e-01  3.0528085472372490e-01 -2.1676470857164568e-01 -4.4616452536580420e-02  1.6836270926560488e-02  1.1578458788042663e-01  1.8554361569198055e-03 -4.6724096281398592e-02  3.7371914552134441e-02 -7.6281610843476977e-04 -2.2280456442186000e-04  4.9084033604125527e-03  8.3656757583845179e-03 -2.3470620964371044e-03  4.5789009931162163e-03 -1.2515215876173135e-03 -1.9583164654276780e-03 -1.0739374578316125e-04  9.9934431560923351e-04 -4.9200088634795524e-05 -1.0904025913647108e-04 -3.0486637019119616e-05  2.3825692428788708e-05  3.0299520673091440e-05  3.1554576757490945e-05 -7.8398147269154429e-06
 -2.0103264937800175e-03 -6.5848611437412685e-01  5.3147561109866470e-01 -1.4080289396865203e-01  2.5602498771060506e-01 -8.0717196546444436e-02 -2.6659052908470421e-01  2.0437063600054922e-01  2.7166263685618985e-01  6.4645094872688949e-02  1.5981341549967772e-02 -1.8639546455247940e-02  2.1613143839768780e-02  9.8789829177292812e-03  1.1907867953843275e-03 -3.3197086457802914e-03 -3.8719682467793903e-03 -4.8944307549930212e-04 -3.9185985608430072e-03  2.4859894906841011e-03  1.3362216948574141e-03 -1.8276135349299606e-04 -9.7856387911872511e-05 -3.0561044409824309e-04  3.2859137048529729e-05 -8.2701263855864939e-05  6.4392022722389890e-05  8.3178917047445342e-05  7.9483060616803675e-05 -2.7271439518690032e-05
 -9.8513996928634850e-01 -1.0203671016534040e-01 -1.1831142543157760e-01  5.9361158357675206e-02  3.1590920949684444e-02  2.0417435377887865e-02  1.5743348633162841e-03 -1.0098705851872045e-02 -6.8510165245148653e-03 -3.4423885835259112e-04 -1.1529452472776311e-04  1.0055004479722838e-04 -9.1248991599908891e-05  4.9807224915311323e-05 -6.6199438809444738e-06  6.8709209190483231e-06  1.8544498268474062e-05 -1.7333179471281179e-06  1.3730664565043657e-05 -6.7268724381372194e-06 -5.2374409908393748e-06  2.5190460114069422e-07  1.4593929064954411e-06  6.0085692225902125e-07 -2.0582696607738090e-07  1.4190986068452534e-07 -1.1057761575368647e-07 -1.4204020753273809e-07 -1.3323541932558774e-07  4.8932712536800757e-08
-194.03819354550546
 14.73969734533462  -66.99712601077259   14.20047521691643   55.849144105286456 -44.851435143923304   4.59457525474059   21.5320910823322   -42.46960128033667   71.13292049134515  -66.7058148555755   -57.41193902231753  -67.31628577657774  -59.880137314193846  22.86348942638476   18.639075502451888  50.89333870143395  -20.815914592724937  55.207092518641645   6.0182163633187    42.668594754186074  -9.770375954127331 -79.42623120449136   52.471418904208576  16.666102991665568  67.44028404451515   43.19925849265499  -53.8973979647828    48.16722655647271  -25.369744358154435  12.633647566518519
