1000000
1.e-08
30
5
-100
100
-13.276479247588156  -65.22582483699236   -12.928877695472835   27.274801628544353   48.11913098808586    63.137066160615575  -64.26450658671199   -29.51749903902993    78.21777422503916    -8.337035811855174  -76.90128674075247   -71.46199278126714   -63.626491387547865    5.743424946481852   64.54430644606137   -53.543328461290756   61.32897459292957    63.3417949113707    -61.64064432745997   -42.07568316111556   -27.73681571646462    19.737618526688436  -52.42551866474743    40.87408841639461   -76.8191785856327      6.2129702946644585  13.721483433326057  -42.72411618543673     8.998437438467022  -62.800939343025135 
  35.25191895074529   -50.19836617957266    29.635120063481523  -13.231231621259681   74.9218521151036    -66.39292618083553   -12.62277999919165    29.840148429053386   39.7065047007743     65.37528049489529    28.613685270382547   11.858816878722095  -13.751041948869073   26.207143235166214  -58.004047336602      68.40137286336542    19.78755312889743   -11.505409620592815   71.9182813931314     64.5407232899606      4.329296361217487  -77.468601144551     -58.058280059379555   40.62019015379943   -75.80624209956491     8.451516589722544   75.13531973114792    49.136831299004655  -58.1671638942904    -43.886505822743246 
 -79.98170002922481   -24.710283673112357  -47.28764004295721     9.390372551320269  -29.852131494521146  -73.75123468273883    73.26232482408031    53.54010750357966   -35.12896126969517   -33.021736260211284  -46.13950143999055   -56.52342801507038    31.104025236439213    2.38225792932937   -57.71578443987863   -24.357462440718948   40.15078944437394    74.37440754374168    -8.014058643209523   11.788717867565737   61.75073588972393    68.70995739900181    69.21527408594616    67.68392568743732   -75.47096191667286    54.72494277753691     9.764835080913599  -17.942296949732523  -70.41316967804613    34.07823686122826  
 -31.626788378905637  -16.51720412309281    60.49878982255126   -57.538089824762594   30.771618507090253  -52.82713286966897     5.306445595682732  -77.07387562492931    46.28469255223817   -33.955945826184205  -37.512534500443806   14.288885904525472  -13.731316875695569   71.13516095853012    49.18260619352381    40.12993650178488   -24.17626528354519    26.15063965095169    12.542338301941086  -79.54074767501456   -22.83683839960004    30.54350680270784    31.490905838384023   33.843961380555484  -40.60622918351265   -60.13226958081422   -77.01643370032912    58.1666967295086    -60.585047081482024    9.554717128662787 
 -56.51905746926191     6.210677440537111  -75.6179850883318    -48.3037617464194     60.22226436736614    60.50280054870609    30.700338232075737   40.0230903911948    -63.483838947577276  -59.19542846107557    -1.3482945151458807  31.961337603348994  -72.00744656862605    13.84880648031887   -16.37170608231463    36.15967765607223   -36.81153731759583    19.471315233459478  -14.69811155819501    18.743186179315813   65.36562414716786    79.57165607223689   -69.43997236447001   -60.11664608445365    57.60447178926208   -35.33061135821768    48.10122762889861    39.53946283794954   -72.87169943283813   -77.99104317454146  
-4470.4
 -4399.9
 -5000. 
 -4317.9
 -4419.9
1 1 1 1 1 1 1 1 1 1 1 1 1 1 1 1 1 1 1 1 1 1 1 1 1 1 1 1 1 1
 1 1 1 1 1 1 1 1 1 1 1 1 1 1 1 1 1 1 1 1 1 1 1 1 1 1 1 1 1 1
 1 1 1 1 1 1 1 1 1 1 1 1 1 1 1 1 1 1 1 1 1 1 1 1 1 1 1 1 1 1
 1 1 1 1 1 1 1 1 1 1 1 1 1 1 1 1 1 1 1 1 1 1 1 1 1 1 1 1 1 1
 1 1 1 1 1 1 1 1 1 1 1 1 1 1 1 1 1 1 1 1 1 1 1 1 1 1 1 1 1 1
0 0
 0 0
 0 0
 0 0
 0 0
0 0 0 0
 0 0 0 0
 0 0 0 0
 0 0 0 0
 0 0 0 0
1
 1
 1
 1
 1
1 1 1 1 1
  0 0 0 0 0
  0 0 0 0 0
  0 0 0 0 0
  0 0 0 0 0
  0 0 0 0 0
  0 0 0 0 0
  0 0 0 0 0
  0 0 0 0 0
  0 0 0 0 0
  0 0 0 0 0
  0 0 0 0 0
  0 0 0 0 0
  0 0 0 0 0
  0 0 0 0 0
  0 0 0 0 0
  0 0 0 0 0
  0 0 0 0 0
  0 0 0 0 0
  0 0 0 0 0
  0 0 0 0 0
  0 0 0 0 0
  0 0 0 0 0
  0 0 0 0 0
  0 0 0 0 0
  0 0 0 0 0
  0 0 0 0 0
  0 0 0 0 0
  0 0 0 0 0
  0 0 0 0 0
 0 0 0 0 0
  1 1 1 1 1
  0 0 0 0 0
  0 0 0 0 0
  0 0 0 0 0
  0 0 0 0 0
  0 0 0 0 0
  0 0 0 0 0
  0 0 0 0 0
  0 0 0 0 0
  0 0 0 0 0
  0 0 0 0 0
  0 0 0 0 0
  0 0 0 0 0
  0 0 0 0 0
  0 0 0 0 0
  0 0 0 0 0
  0 0 0 0 0
  0 0 0 0 0
  0 0 0 0 0
  0 0 0 0 0
  0 0 0 0 0
  0 0 0 0 0
  0 0 0 0 0
  0 0 0 0 0
  0 0 0 0 0
  0 0 0 0 0
  0 0 0 0 0
  0 0 0 0 0
  0 0 0 0 0
 0 0 0 0 0
  0 0 0 0 0
  1 1 1 1 1
  0 0 0 0 0
  0 0 0 0 0
  0 0 0 0 0
  0 0 0 0 0
  0 0 0 0 0
  0 0 0 0 0
  0 0 0 0 0
  0 0 0 0 0
  0 0 0 0 0
  0 0 0 0 0
  0 0 0 0 0
  0 0 0 0 0
  0 0 0 0 0
  0 0 0 0 0
  0 0 0 0 0
  0 0 0 0 0
  0 0 0 0 0
  0 0 0 0 0
  0 0 0 0 0
  0 0 0 0 0
  0 0 0 0 0
  0 0 0 0 0
  0 0 0 0 0
  0 0 0 0 0
  0 0 0 0 0
  0 0 0 0 0
  0 0 0 0 0
 0 0 0 0 0
  0 0 0 0 0
  0 0 0 0 0
  1 1 1 1 1
  0 0 0 0 0
  0 0 0 0 0
  0 0 0 0 0
  0 0 0 0 0
  0 0 0 0 0
  0 0 0 0 0
  0 0 0 0 0
  0 0 0 0 0
  0 0 0 0 0
  0 0 0 0 0
  0 0 0 0 0
  0 0 0 0 0
  0 0 0 0 0
  0 0 0 0 0
  0 0 0 0 0
  0 0 0 0 0
  0 0 0 0 0
  0 0 0 0 0
  0 0 0 0 0
  0 0 0 0 0
  0 0 0 0 0
  0 0 0 0 0
  0 0 0 0 0
  0 0 0 0 0
  0 0 0 0 0
  0 0 0 0 0
 0 0 0 0 0
  0 0 0 0 0
  0 0 0 0 0
  0 0 0 0 0
  1 1 1 1 1
  0 0 0 0 0
  0 0 0 0 0
  0 0 0 0 0
  0 0 0 0 0
  0 0 0 0 0
  0 0 0 0 0
  0 0 0 0 0
  0 0 0 0 0
  0 0 0 0 0
  0 0 0 0 0
  0 0 0 0 0
  0 0 0 0 0
  0 0 0 0 0
  0 0 0 0 0
  0 0 0 0 0
  0 0 0 0 0
  0 0 0 0 0
  0 0 0 0 0
  0 0 0 0 0
  0 0 0 0 0
  0 0 0 0 0
  0 0 0 0 0
  0 0 0 0 0
  0 0 0 0 0
  0 0 0 0 0
 0 0 0 0 0
  0 0 0 0 0
  0 0 0 0 0
  0 0 0 0 0
  0 0 0 0 0
  1 1 1 1 1
  0 0 0 0 0
  0 0 0 0 0
  0 0 0 0 0
  0 0 0 0 0
  0 0 0 0 0
  0 0 0 0 0
  0 0 0 0 0
  0 0 0 0 0
  0 0 0 0 0
  0 0 0 0 0
  0 0 0 0 0
  0 0 0 0 0
  0 0 0 0 0
  0 0 0 0 0
  0 0 0 0 0
  0 0 0 0 0
  0 0 0 0 0
  0 0 0 0 0
  0 0 0 0 0
  0 0 0 0 0
  0 0 0 0 0
  0 0 0 0 0
  0 0 0 0 0
  0 0 0 0 0
 0 0 0 0 0
  0 0 0 0 0
  0 0 0 0 0
  0 0 0 0 0
  0 0 0 0 0
  0 0 0 0 0
  1 1 1 1 1
  0 0 0 0 0
  0 0 0 0 0
  0 0 0 0 0
  0 0 0 0 0
  0 0 0 0 0
  0 0 0 0 0
  0 0 0 0 0
  0 0 0 0 0
  0 0 0 0 0
  0 0 0 0 0
  0 0 0 0 0
  0 0 0 0 0
  0 0 0 0 0
  0 0 0 0 0
  0 0 0 0 0
  0 0 0 0 0
  0 0 0 0 0
  0 0 0 0 0
  0 0 0 0 0
  0 0 0 0 0
  0 0 0 0 0
  0 0 0 0 0
  0 0 0 0 0
 0 0 0 0 0
  0 0 0 0 0
  0 0 0 0 0
  0 0 0 0 0
  0 0 0 0 0
  0 0 0 0 0
  0 0 0 0 0
  1 1 1 1 1
  0 0 0 0 0
  0 0 0 0 0
  0 0 0 0 0
  0 0 0 0 0
  0 0 0 0 0
  0 0 0 0 0
  0 0 0 0 0
  0 0 0 0 0
  0 0 0 0 0
  0 0 0 0 0
  0 0 0 0 0
  0 0 0 0 0
  0 0 0 0 0
  0 0 0 0 0
  0 0 0 0 0
  0 0 0 0 0
  0 0 0 0 0
  0 0 0 0 0
  0 0 0 0 0
  0 0 0 0 0
  0 0 0 0 0
  0 0 0 0 0
 0 0 0 0 0
  0 0 0 0 0
  0 0 0 0 0
  0 0 0 0 0
  0 0 0 0 0
  0 0 0 0 0
  0 0 0 0 0
  0 0 0 0 0
  1 1 1 1 1
  0 0 0 0 0
  0 0 0 0 0
  0 0 0 0 0
  0 0 0 0 0
  0 0 0 0 0
  0 0 0 0 0
  0 0 0 0 0
  0 0 0 0 0
  0 0 0 0 0
  0 0 0 0 0
  0 0 0 0 0
  0 0 0 0 0
  0 0 0 0 0
  0 0 0 0 0
  0 0 0 0 0
  0 0 0 0 0
  0 0 0 0 0
  0 0 0 0 0
  0 0 0 0 0
  0 0 0 0 0
  0 0 0 0 0
 0 0 0 0 0
  0 0 0 0 0
  0 0 0 0 0
  0 0 0 0 0
  0 0 0 0 0
  0 0 0 0 0
  0 0 0 0 0
  0 0 0 0 0
  0 0 0 0 0
  1 1 1 1 1
  0 0 0 0 0
  0 0 0 0 0
  0 0 0 0 0
  0 0 0 0 0
  0 0 0 0 0
  0 0 0 0 0
  0 0 0 0 0
  0 0 0 0 0
  0 0 0 0 0
  0 0 0 0 0
  0 0 0 0 0
  0 0 0 0 0
  0 0 0 0 0
  0 0 0 0 0
  0 0 0 0 0
  0 0 0 0 0
  0 0 0 0 0
  0 0 0 0 0
  0 0 0 0 0
  0 0 0 0 0
 0 0 0 0 0
  0 0 0 0 0
  0 0 0 0 0
  0 0 0 0 0
  0 0 0 0 0
  0 0 0 0 0
  0 0 0 0 0
  0 0 0 0 0
  0 0 0 0 0
  0 0 0 0 0
  1 1 1 1 1
  0 0 0 0 0
  0 0 0 0 0
  0 0 0 0 0
  0 0 0 0 0
  0 0 0 0 0
  0 0 0 0 0
  0 0 0 0 0
  0 0 0 0 0
  0 0 0 0 0
  0 0 0 0 0
  0 0 0 0 0
  0 0 0 0 0
  0 0 0 0 0
  0 0 0 0 0
  0 0 0 0 0
  0 0 0 0 0
  0 0 0 0 0
  0 0 0 0 0
  0 0 0 0 0
 0 0 0 0 0
  0 0 0 0 0
  0 0 0 0 0
  0 0 0 0 0
  0 0 0 0 0
  0 0 0 0 0
  0 0 0 0 0
  0 0 0 0 0
  0 0 0 0 0
  0 0 0 0 0
  0 0 0 0 0
  1 1 1 1 1
  0 0 0 0 0
  0 0 0 0 0
  0 0 0 0 0
  0 0 0 0 0
  0 0 0 0 0
  0 0 0 0 0
  0 0 0 0 0
  0 0 0 0 0
  0 0 0 0 0
  0 0 0 0 0
  0 0 0 0 0
  0 0 0 0 0
  0 0 0 0 0
  0 0 0 0 0
  0 0 0 0 0
  0 0 0 0 0
  0 0 0 0 0
  0 0 0 0 0
 0 0 0 0 0
  0 0 0 0 0
  0 0 0 0 0
  0 0 0 0 0
  0 0 0 0 0
  0 0 0 0 0
  0 0 0 0 0
  0 0 0 0 0
  0 0 0 0 0
  0 0 0 0 0
  0 0 0 0 0
  0 0 0 0 0
  1 1 1 1 1
  0 0 0 0 0
  0 0 0 0 0
  0 0 0 0 0
  0 0 0 0 0
  0 0 0 0 0
  0 0 0 0 0
  0 0 0 0 0
  0 0 0 0 0
  0 0 0 0 0
  0 0 0 0 0
  0 0 0 0 0
  0 0 0 0 0
  0 0 0 0 0
  0 0 0 0 0
  0 0 0 0 0
  0 0 0 0 0
  0 0 0 0 0
 0 0 0 0 0
  0 0 0 0 0
  0 0 0 0 0
  0 0 0 0 0
  0 0 0 0 0
  0 0 0 0 0
  0 0 0 0 0
  0 0 0 0 0
  0 0 0 0 0
  0 0 0 0 0
  0 0 0 0 0
  0 0 0 0 0
  0 0 0 0 0
  1 1 1 1 1
  0 0 0 0 0
  0 0 0 0 0
  0 0 0 0 0
  0 0 0 0 0
  0 0 0 0 0
  0 0 0 0 0
  0 0 0 0 0
  0 0 0 0 0
  0 0 0 0 0
  0 0 0 0 0
  0 0 0 0 0
  0 0 0 0 0
  0 0 0 0 0
  0 0 0 0 0
  0 0 0 0 0
  0 0 0 0 0
 0 0 0 0 0
  0 0 0 0 0
  0 0 0 0 0
  0 0 0 0 0
  0 0 0 0 0
  0 0 0 0 0
  0 0 0 0 0
  0 0 0 0 0
  0 0 0 0 0
  0 0 0 0 0
  0 0 0 0 0
  0 0 0 0 0
  0 0 0 0 0
  0 0 0 0 0
  1 1 1 1 1
  0 0 0 0 0
  0 0 0 0 0
  0 0 0 0 0
  0 0 0 0 0
  0 0 0 0 0
  0 0 0 0 0
  0 0 0 0 0
  0 0 0 0 0
  0 0 0 0 0
  0 0 0 0 0
  0 0 0 0 0
  0 0 0 0 0
  0 0 0 0 0
  0 0 0 0 0
  0 0 0 0 0
 0 0 0 0 0
  0 0 0 0 0
  0 0 0 0 0
  0 0 0 0 0
  0 0 0 0 0
  0 0 0 0 0
  0 0 0 0 0
  0 0 0 0 0
  0 0 0 0 0
  0 0 0 0 0
  0 0 0 0 0
  0 0 0 0 0
  0 0 0 0 0
  0 0 0 0 0
  0 0 0 0 0
  1 1 1 1 1
  0 0 0 0 0
  0 0 0 0 0
  0 0 0 0 0
  0 0 0 0 0
  0 0 0 0 0
  0 0 0 0 0
  0 0 0 0 0
  0 0 0 0 0
  0 0 0 0 0
  0 0 0 0 0
  0 0 0 0 0
  0 0 0 0 0
  0 0 0 0 0
  0 0 0 0 0
 0 0 0 0 0
  0 0 0 0 0
  0 0 0 0 0
  0 0 0 0 0
  0 0 0 0 0
  0 0 0 0 0
  0 0 0 0 0
  0 0 0 0 0
  0 0 0 0 0
  0 0 0 0 0
  0 0 0 0 0
  0 0 0 0 0
  0 0 0 0 0
  0 0 0 0 0
  0 0 0 0 0
  0 0 0 0 0
  1 1 1 1 1
  0 0 0 0 0
  0 0 0 0 0
  0 0 0 0 0
  0 0 0 0 0
  0 0 0 0 0
  0 0 0 0 0
  0 0 0 0 0
  0 0 0 0 0
  0 0 0 0 0
  0 0 0 0 0
  0 0 0 0 0
  0 0 0 0 0
  0 0 0 0 0
 0 0 0 0 0
  0 0 0 0 0
  0 0 0 0 0
  0 0 0 0 0
  0 0 0 0 0
  0 0 0 0 0
  0 0 0 0 0
  0 0 0 0 0
  0 0 0 0 0
  0 0 0 0 0
  0 0 0 0 0
  0 0 0 0 0
  0 0 0 0 0
  0 0 0 0 0
  0 0 0 0 0
  0 0 0 0 0
  0 0 0 0 0
  1 1 1 1 1
  0 0 0 0 0
  0 0 0 0 0
  0 0 0 0 0
  0 0 0 0 0
  0 0 0 0 0
  0 0 0 0 0
  0 0 0 0 0
  0 0 0 0 0
  0 0 0 0 0
  0 0 0 0 0
  0 0 0 0 0
  0 0 0 0 0
 0 0 0 0 0
  0 0 0 0 0
  0 0 0 0 0
  0 0 0 0 0
  0 0 0 0 0
  0 0 0 0 0
  0 0 0 0 0
  0 0 0 0 0
  0 0 0 0 0
  0 0 0 0 0
  0 0 0 0 0
  0 0 0 0 0
  0 0 0 0 0
  0 0 0 0 0
  0 0 0 0 0
  0 0 0 0 0
  0 0 0 0 0
  0 0 0 0 0
  1 1 1 1 1
  0 0 0 0 0
  0 0 0 0 0
  0 0 0 0 0
  0 0 0 0 0
  0 0 0 0 0
  0 0 0 0 0
  0 0 0 0 0
  0 0 0 0 0
  0 0 0 0 0
  0 0 0 0 0
  0 0 0 0 0
 0 0 0 0 0
  0 0 0 0 0
  0 0 0 0 0
  0 0 0 0 0
  0 0 0 0 0
  0 0 0 0 0
  0 0 0 0 0
  0 0 0 0 0
  0 0 0 0 0
  0 0 0 0 0
  0 0 0 0 0
  0 0 0 0 0
  0 0 0 0 0
  0 0 0 0 0
  0 0 0 0 0
  0 0 0 0 0
  0 0 0 0 0
  0 0 0 0 0
  0 0 0 0 0
  1 1 1 1 1
  0 0 0 0 0
  0 0 0 0 0
  0 0 0 0 0
  0 0 0 0 0
  0 0 0 0 0
  0 0 0 0 0
  0 0 0 0 0
  0 0 0 0 0
  0 0 0 0 0
  0 0 0 0 0
 0 0 0 0 0
  0 0 0 0 0
  0 0 0 0 0
  0 0 0 0 0
  0 0 0 0 0
  0 0 0 0 0
  0 0 0 0 0
  0 0 0 0 0
  0 0 0 0 0
  0 0 0 0 0
  0 0 0 0 0
  0 0 0 0 0
  0 0 0 0 0
  0 0 0 0 0
  0 0 0 0 0
  0 0 0 0 0
  0 0 0 0 0
  0 0 0 0 0
  0 0 0 0 0
  0 0 0 0 0
  1 1 1 1 1
  0 0 0 0 0
  0 0 0 0 0
  0 0 0 0 0
  0 0 0 0 0
  0 0 0 0 0
  0 0 0 0 0
  0 0 0 0 0
  0 0 0 0 0
  0 0 0 0 0
 0 0 0 0 0
  0 0 0 0 0
  0 0 0 0 0
  0 0 0 0 0
  0 0 0 0 0
  0 0 0 0 0
  0 0 0 0 0
  0 0 0 0 0
  0 0 0 0 0
  0 0 0 0 0
  0 0 0 0 0
  0 0 0 0 0
  0 0 0 0 0
  0 0 0 0 0
  0 0 0 0 0
  0 0 0 0 0
  0 0 0 0 0
  0 0 0 0 0
  0 0 0 0 0
  0 0 0 0 0
  0 0 0 0 0
  1 1 1 1 1
  0 0 0 0 0
  0 0 0 0 0
  0 0 0 0 0
  0 0 0 0 0
  0 0 0 0 0
  0 0 0 0 0
  0 0 0 0 0
  0 0 0 0 0
 0 0 0 0 0
  0 0 0 0 0
  0 0 0 0 0
  0 0 0 0 0
  0 0 0 0 0
  0 0 0 0 0
  0 0 0 0 0
  0 0 0 0 0
  0 0 0 0 0
  0 0 0 0 0
  0 0 0 0 0
  0 0 0 0 0
  0 0 0 0 0
  0 0 0 0 0
  0 0 0 0 0
  0 0 0 0 0
  0 0 0 0 0
  0 0 0 0 0
  0 0 0 0 0
  0 0 0 0 0
  0 0 0 0 0
  0 0 0 0 0
  1 1 1 1 1
  0 0 0 0 0
  0 0 0 0 0
  0 0 0 0 0
  0 0 0 0 0
  0 0 0 0 0
  0 0 0 0 0
  0 0 0 0 0
 0 0 0 0 0
  0 0 0 0 0
  0 0 0 0 0
  0 0 0 0 0
  0 0 0 0 0
  0 0 0 0 0
  0 0 0 0 0
  0 0 0 0 0
  0 0 0 0 0
  0 0 0 0 0
  0 0 0 0 0
  0 0 0 0 0
  0 0 0 0 0
  0 0 0 0 0
  0 0 0 0 0
  0 0 0 0 0
  0 0 0 0 0
  0 0 0 0 0
  0 0 0 0 0
  0 0 0 0 0
  0 0 0 0 0
  0 0 0 0 0
  0 0 0 0 0
  1 1 1 1 1
  0 0 0 0 0
  0 0 0 0 0
  0 0 0 0 0
  0 0 0 0 0
  0 0 0 0 0
  0 0 0 0 0
 0 0 0 0 0
  0 0 0 0 0
  0 0 0 0 0
  0 0 0 0 0
  0 0 0 0 0
  0 0 0 0 0
  0 0 0 0 0
  0 0 0 0 0
  0 0 0 0 0
  0 0 0 0 0
  0 0 0 0 0
  0 0 0 0 0
  0 0 0 0 0
  0 0 0 0 0
  0 0 0 0 0
  0 0 0 0 0
  0 0 0 0 0
  0 0 0 0 0
  0 0 0 0 0
  0 0 0 0 0
  0 0 0 0 0
  0 0 0 0 0
  0 0 0 0 0
  0 0 0 0 0
  1 1 1 1 1
  0 0 0 0 0
  0 0 0 0 0
  0 0 0 0 0
  0 0 0 0 0
  0 0 0 0 0
 0 0 0 0 0
  0 0 0 0 0
  0 0 0 0 0
  0 0 0 0 0
  0 0 0 0 0
  0 0 0 0 0
  0 0 0 0 0
  0 0 0 0 0
  0 0 0 0 0
  0 0 0 0 0
  0 0 0 0 0
  0 0 0 0 0
  0 0 0 0 0
  0 0 0 0 0
  0 0 0 0 0
  0 0 0 0 0
  0 0 0 0 0
  0 0 0 0 0
  0 0 0 0 0
  0 0 0 0 0
  0 0 0 0 0
  0 0 0 0 0
  0 0 0 0 0
  0 0 0 0 0
  0 0 0 0 0
  1 1 1 1 1
  0 0 0 0 0
  0 0 0 0 0
  0 0 0 0 0
  0 0 0 0 0
 0 0 0 0 0
  0 0 0 0 0
  0 0 0 0 0
  0 0 0 0 0
  0 0 0 0 0
  0 0 0 0 0
  0 0 0 0 0
  0 0 0 0 0
  0 0 0 0 0
  0 0 0 0 0
  0 0 0 0 0
  0 0 0 0 0
  0 0 0 0 0
  0 0 0 0 0
  0 0 0 0 0
  0 0 0 0 0
  0 0 0 0 0
  0 0 0 0 0
  0 0 0 0 0
  0 0 0 0 0
  0 0 0 0 0
  0 0 0 0 0
  0 0 0 0 0
  0 0 0 0 0
  0 0 0 0 0
  0 0 0 0 0
  1 1 1 1 1
  0 0 0 0 0
  0 0 0 0 0
  0 0 0 0 0
 0 0 0 0 0
  0 0 0 0 0
  0 0 0 0 0
  0 0 0 0 0
  0 0 0 0 0
  0 0 0 0 0
  0 0 0 0 0
  0 0 0 0 0
  0 0 0 0 0
  0 0 0 0 0
  0 0 0 0 0
  0 0 0 0 0
  0 0 0 0 0
  0 0 0 0 0
  0 0 0 0 0
  0 0 0 0 0
  0 0 0 0 0
  0 0 0 0 0
  0 0 0 0 0
  0 0 0 0 0
  0 0 0 0 0
  0 0 0 0 0
  0 0 0 0 0
  0 0 0 0 0
  0 0 0 0 0
  0 0 0 0 0
  0 0 0 0 0
  1 1 1 1 1
  0 0 0 0 0
  0 0 0 0 0
 0 0 0 0 0
  0 0 0 0 0
  0 0 0 0 0
  0 0 0 0 0
  0 0 0 0 0
  0 0 0 0 0
  0 0 0 0 0
  0 0 0 0 0
  0 0 0 0 0
  0 0 0 0 0
  0 0 0 0 0
  0 0 0 0 0
  0 0 0 0 0
  0 0 0 0 0
  0 0 0 0 0
  0 0 0 0 0
  0 0 0 0 0
  0 0 0 0 0
  0 0 0 0 0
  0 0 0 0 0
  0 0 0 0 0
  0 0 0 0 0
  0 0 0 0 0
  0 0 0 0 0
  0 0 0 0 0
  0 0 0 0 0
  0 0 0 0 0
  0 0 0 0 0
  1 1 1 1 1
  0 0 0 0 0
 0 0 0 0 0
  0 0 0 0 0
  0 0 0 0 0
  0 0 0 0 0
  0 0 0 0 0
  0 0 0 0 0
  0 0 0 0 0
  0 0 0 0 0
  0 0 0 0 0
  0 0 0 0 0
  0 0 0 0 0
  0 0 0 0 0
  0 0 0 0 0
  0 0 0 0 0
  0 0 0 0 0
  0 0 0 0 0
  0 0 0 0 0
  0 0 0 0 0
  0 0 0 0 0
  0 0 0 0 0
  0 0 0 0 0
  0 0 0 0 0
  0 0 0 0 0
  0 0 0 0 0
  0 0 0 0 0
  0 0 0 0 0
  0 0 0 0 0
  0 0 0 0 0
  0 0 0 0 0
  1 1 1 1 1
-5000
-79.98170002922481  -24.710283673112357 -47.28764004295721    9.390372551320269 -29.852131494521146 -73.75123468273883   73.26232482408031   53.54010750357966  -35.12896126969517  -33.021736260211284 -46.13950143999055  -56.52342801507038   31.104025236439213   2.38225792932937  -57.71578443987863  -24.357462440718948  40.15078944437394   74.37440754374168   -8.014058643209523  11.788717867565737  61.75073588972393   68.70995739900181   69.21527408594616   67.68392568743732  -75.47096191667286   54.72494277753691    9.764835080913599 -17.942296949732523 -70.41316967804613   34.07823686122826 
