500000
1.e-08
30
1
-100
100
-69.49842587863932   -8.17727668067269   54.05257782077081  -51.239575451191364 -73.8305501979528    37.230971916669176  10.086515771743208 -73.27029976812277   77.58164224932824   11.093181997396343  13.625067674024635  46.38506269863106   64.4215473098094   -70.27988218724894  -24.237886497789525 -47.98530190905717   -5.575754935206618 -65.36512928550161  -69.10627612164421  -31.85769069915459   64.69524124349621   76.0867164619994    42.19520508534315  -79.88145392631218   37.634488677797435 -76.48119840239603  -53.029490839190245 -78.31775867447517  -56.139680197238064  30.000884025763682
-357.5797495903721
7.5862071379310347e+05 9.3103448965517245e+05 1.3793112068965519e+05 4.8275867241379304e+05 6.8965520344827580e+05 1.0344836551724139e+05 5.8620693793103448e+05 5.1724142758620688e+05 2.4137938620689654e+05 3.1034489655172412e+05 8.9655173448275868e+05 1.0000000000000001e-01 1.7241387586206896e+05 2.0689663103448277e+05 4.4827591724137933e+05 6.5517244827586215e+05 4.1379316206896550e+05 9.6551724482758611e+05 6.2068969310344825e+05 7.9310346896551724e+05 8.6206897931034479e+05 3.4482855172413794e+04 1.0000000000000000e+06 2.7586214137931034e+05 3.4482765172413789e+05 6.8965610344827597e+04 5.5172418275862071e+05 7.2413795862068969e+05 3.7931040689655172e+05 8.2758622413793101e+05
0 0
0 0 0 0
1
1 0 0 0 0 0 0 0 0 0 0 0 0 0 0 0 0 0 0 0 0 0 0 0 0 0 0 0 0 0
 0 1 0 0 0 0 0 0 0 0 0 0 0 0 0 0 0 0 0 0 0 0 0 0 0 0 0 0 0 0
 0 0 1 0 0 0 0 0 0 0 0 0 0 0 0 0 0 0 0 0 0 0 0 0 0 0 0 0 0 0
 0 0 0 1 0 0 0 0 0 0 0 0 0 0 0 0 0 0 0 0 0 0 0 0 0 0 0 0 0 0
 0 0 0 0 1 0 0 0 0 0 0 0 0 0 0 0 0 0 0 0 0 0 0 0 0 0 0 0 0 0
 0 0 0 0 0 1 0 0 0 0 0 0 0 0 0 0 0 0 0 0 0 0 0 0 0 0 0 0 0 0
 0 0 0 0 0 0 1 0 0 0 0 0 0 0 0 0 0 0 0 0 0 0 0 0 0 0 0 0 0 0
 0 0 0 0 0 0 0 1 0 0 0 0 0 0 0 0 0 0 0 0 0 0 0 0 0 0 0 0 0 0
 0 0 0 0 0 0 0 0 1 0 0 0 0 0 0 0 0 0 0 0 0 0 0 0 0 0 0 0 0 0
 0 0 0 0 0 0 0 0 0 1 0 0 0 0 0 0 0 0 0 0 0 0 0 0 0 0 0 0 0 0
 0 0 0 0 0 0 0 0 0 0 1 0 0 0 0 0 0 0 0 0 0 0 0 0 0 0 0 0 0 0
 0 0 0 0 0 0 0 0 0 0 0 1 0 0 0 0 0 0 0 0 0 0 0 0 0 0 0 0 0 0
 0 0 0 0 0 0 0 0 0 0 0 0 1 0 0 0 0 0 0 0 0 0 0 0 0 0 0 0 0 0
 0 0 0 0 0 0 0 0 0 0 0 0 0 1 0 0 0 0 0 0 0 0 0 0 0 0 0 0 0 0
 0 0 0 0 0 0 0 0 0 0 0 0 0 0 1 0 0 0 0 0 0 0 0 0 0 0 0 0 0 0
 0 0 0 0 0 0 0 0 0 0 0 0 0 0 0 1 0 0 0 0 0 0 0 0 0 0 0 0 0 0
 0 0 0 0 0 0 0 0 0 0 0 0 0 0 0 0 1 0 0 0 0 0 0 0 0 0 0 0 0 0
 0 0 0 0 0 0 0 0 0 0 0 0 0 0 0 0 0 1 0 0 0 0 0 0 0 0 0 0 0 0
 0 0 0 0 0 0 0 0 0 0 0 0 0 0 0 0 0 0 1 0 0 0 0 0 0 0 0 0 0 0
 0 0 0 0 0 0 0 0 0 0 0 0 0 0 0 0 0 0 0 1 0 0 0 0 0 0 0 0 0 0
 0 0 0 0 0 0 0 0 0 0 0 0 0 0 0 0 0 0 0 0 1 0 0 0 0 0 0 0 0 0
 0 0 0 0 0 0 0 0 0 0 0 0 0 0 0 0 0 0 0 0 0 1 0 0 0 0 0 0 0 0
 0 0 0 0 0 0 0 0 0 0 0 0 0 0 0 0 0 0 0 0 0 0 1 0 0 0 0 0 0 0
 0 0 0 0 0 0 0 0 0 0 0 0 0 0 0 0 0 0 0 0 0 0 0 1 0 0 0 0 0 0
 0 0 0 0 0 0 0 0 0 0 0 0 0 0 0 0 0 0 0 0 0 0 0 0 1 0 0 0 0 0
 0 0 0 0 0 0 0 0 0 0 0 0 0 0 0 0 0 0 0 0 0 0 0 0 0 1 0 0 0 0
 0 0 0 0 0 0 0 0 0 0 0 0 0 0 0 0 0 0 0 0 0 0 0 0 0 0 1 0 0 0
 0 0 0 0 0 0 0 0 0 0 0 0 0 0 0 0 0 0 0 0 0 0 0 0 0 0 0 1 0 0
 0 0 0 0 0 0 0 0 0 0 0 0 0 0 0 0 0 0 0 0 0 0 0 0 0 0 0 0 1 0
 0 0 0 0 0 0 0 0 0 0 0 0 0 0 0 0 0 0 0 0 0 0 0 0 0 0 0 0 0 1
-357.5797495903721
-69.49842587863932   -8.17727668067269   54.05257782077081  -51.239575451191364 -73.8305501979528    37.230971916669176  10.086515771743208 -73.27029976812277   77.58164224932824   11.093181997396343  13.625067674024635  46.38506269863106   64.4215473098094   -70.27988218724894  -24.237886497789525 -47.98530190905717   -5.575754935206618 -65.36512928550161  -69.10627612164421  -31.85769069915459   64.69524124349621   76.0867164619994    42.19520508534315  -79.88145392631218   37.634488677797435 -76.48119840239603  -53.029490839190245 -78.31775867447517  -56.139680197238064  30.000884025763682
