500000
1.e-08
30
1
-100
100
 31.669667135268355 -55.01058966709836   23.48143574601353   78.51615525617808  -40.91360941745796   29.082175587826328 -59.318106845666634  79.70937871901893  -12.822764289292564 -23.89117393232398  -46.945488537865415  56.025216069327996  17.984657322077652  12.05376556737167  -40.31238306692735  -58.63881776583041  -69.60535301429174   17.160434422412607  36.73498745510162  -12.016044685914764 -64.16005367712762  -65.71591071481018    4.723132381513423 -26.2446716372733    25.823461423120477  72.62343399310646  -72.16171425522649  -60.60003926885447   17.31707349830225  -32.608854536049265
-337.50899809752036
2.7586214137931034e+05 5.8620693793103448e+05 6.5517244827586215e+05 4.1379316206896550e+05 4.4827591724137933e+05 6.8965520344827580e+05 2.0689663103448277e+05 4.8275867241379304e+05 3.7931040689655172e+05 8.2758622413793101e+05 6.8965610344827597e+04 5.5172418275862071e+05 3.4482765172413789e+05 5.1724142758620688e+05 1.0000000000000001e-01 1.0000000000000000e+06 2.4137938620689654e+05 6.2068969310344825e+05 1.3793112068965519e+05 8.6206897931034479e+05 7.9310346896551724e+05 7.5862071379310347e+05 1.7241387586206896e+05 1.0344836551724139e+05 9.6551724482758611e+05 9.3103448965517245e+05 8.9655173448275868e+05 7.2413795862068969e+05 3.1034489655172412e+05 3.4482855172413794e+04
0 0
0 0 0 0
0.05
 3.0212425444059835e-02  2.0134555738704299e-01 -9.7241010272586170e-01 -4.3672062551504999e-02 -1.7715670117556533e-02 -1.0362887831191317e-01  1.3777381343219671e-03  1.7078803984427950e-03  5.8363274314956310e-04 -6.3060437094069396e-04  3.5990124715276042e-04 -1.4681774271776263e-04 -5.7251080810297654e-05 -3.1689756576587879e-05 -1.4282722578804369e-04  2.1170554594689033e-05  1.7813908022165959e-06  5.1333093483130694e-06 -9.2727411423866565e-08 -1.6079285000784539e-07 -6.3001344569568326e-08 -1.8935983100168495e-07 -6.3452741109627508e-09  2.2029175287001912e-09 -1.4724861341017352e-09 -5.4171340546107737e-09  1.8554147030792852e-10  1.7025142132105138e-10 -6.9983628755422639e-12  2.4674228883812187e-11
  9.9954350047848695e-01 -6.0859158587261838e-03  2.9392285293828473e-02  1.3200415321534679e-03  5.3547780798135990e-04  3.1323096577102016e-03 -4.1643821049023387e-05 -5.1622774977400519e-05 -1.7641013853501428e-05  1.9060788782702932e-05 -1.0878455606606145e-05  4.4377459346213146e-06  1.7304839756798468e-06  9.5786167130519270e-07  4.3171276772221344e-06 -6.3990591904729947e-07 -5.3844716886197420e-08 -1.5516055668708938e-07  2.8027994808861533e-09  4.8601606538128685e-09  1.9042927344056845e-09  5.7236326117867753e-09  1.9179367472032424e-10 -6.6585878016721235e-11  4.4507695285562074e-11  1.6373950575143386e-10 -5.6082179872872689e-12 -5.1460575462150083e-12  2.1153408181492901e-13 -7.4580876188478394e-13
  0.0000000000000000e+00 -9.7950136709892421e-01 -2.0007050495268217e-01 -8.9853978095371222e-03 -3.6449467730323417e-03 -2.1321335466821568e-02  2.8346554962116737e-04  3.5139134482189543e-04  1.2008071214143983e-04 -1.2974498574809767e-04  7.4048618015286509e-05 -3.0207316685845588e-05 -1.1779240687333959e-05 -6.5200737655159050e-06 -2.9386279620400611e-05  4.3557790442679577e-06  3.6651589315913759e-07  1.0561632283707920e-06 -1.9078390870809585e-08 -3.3082653711301196e-08 -1.2962340462524921e-08 -3.8960225629147077e-08 -1.3055213966667230e-09  4.5324377143006021e-10 -3.0295967057492592e-10 -1.1145593229278606e-09  3.8174609200492296e-11  3.5028726806859695e-11 -1.4398924799597385e-12  5.0766496751361520e-12
  0.0000000000000000e+00  0.0000000000000000e+00  1.1630339087861580e-01 -3.8093185943706420e-01 -1.5452586309830432e-01 -9.0390833407921922e-01  1.2017393240945808e-02  1.4897076480133132e-02  5.0907672568502481e-03 -5.5004797473963245e-03  3.1392575317442813e-03 -1.2806254723113021e-03 -4.9937555942378435e-04 -2.7641556621216989e-04 -1.2458179787939038e-03  1.8466127441445657e-04  1.5538274838110809e-05  4.4775560412618401e-05 -8.0881971655954895e-07 -1.4025240796776318e-06 -5.4953253709089602e-07 -1.6517010718486042e-06 -5.5346986712071563e-08  1.9215063850135180e-08 -1.2843837645569096e-08 -4.7251236320909966e-08  1.6183952201417237e-09  1.4850269647591029e-09 -6.1043587763952852e-11  2.1522225742833357e-10
  0.0000000000000000e+00  0.0000000000000000e+00  0.0000000000000000e+00  9.2352649639026385e-01 -6.4612074041837400e-02 -3.7795221484319474e-01  5.0248462380689165e-03  6.2289314503226273e-03  2.1286082752381610e-03 -2.2999218226550607e-03  1.3126213050071813e-03 -5.3546937825030554e-04 -2.0880446789445952e-04 -1.1557795356920492e-04 -5.2091528158801305e-04  7.7212627685092371e-05  6.4970364455026401e-06  1.8722055755834253e-05 -3.3819270357090777e-07 -5.8643898092283430e-07 -2.2977666173802692e-07 -6.9062763869742966e-07 -2.3142298199997564e-08  8.0344163967798038e-09 -5.3704083724089256e-09 -1.9757212925533196e-08  6.7670142522504533e-10  6.2093600564521361e-10 -2.5524224445682470e-11  8.9991126104012516e-11
  0.0000000000000000e+00  0.0000000000000000e+00  0.0000000000000000e+00  0.0000000000000000e+00 -9.8570767481062105e-01  1.6841985068748103e-01 -2.2391292335572762e-03 -2.7756834425249582e-03 -9.4853231125125803e-04  1.0248715968635073e-03 -5.8491913928916727e-04  2.3861130902500527e-04  9.3045670655095478e-05  5.1502864432124090e-05  2.3212583628403607e-04 -3.4406834290695945e-05 -2.8951541096713830e-06 -8.3427632148378534e-06  1.5070255551389944e-07  2.6132394976258900e-07  1.0239112126235794e-07  3.0775161309300889e-07  1.0312474049201693e-08 -3.5802282848589784e-09  2.3931156921177508e-09  8.8040411465761337e-09 -3.0154593231763881e-10 -2.7669622044849009e-10  1.1373887759432968e-11 -4.0101080047709515e-11
  0.0000000000000000e+00  0.0000000000000000e+00  0.0000000000000000e+00  0.0000000000000000e+00  0.0000000000000000e+00  2.3092112107710030e-02  5.7542745251781935e-01  7.1331499244935015e-01  2.4376062056365852e-01 -2.6337883642567889e-01  1.5031670580056830e-01 -6.1320041575299619e-02 -2.3911542232787360e-02 -1.3235574630261595e-02 -5.9653358383556905e-02  8.8421144739573958e-03  7.4401741936441247e-04  2.1439829875503792e-03 -3.8728621067360198e-05 -6.7156898512233507e-05 -2.6313203001167752e-05 -7.9088211647802527e-05 -2.6501733720214325e-06  9.2007268294902810e-07 -6.1499999448804071e-07 -2.2625254911204652e-06  7.7493431397429519e-08  7.1107374629304038e-08 -2.9229430622172740e-09  1.0305462493742386e-08
  0.0000000000000000e+00  0.0000000000000000e+00  0.0000000000000000e+00  0.0000000000000000e+00  0.0000000000000000e+00  0.0000000000000000e+00  8.1774481723812353e-01 -5.0221048623323761e-01 -1.7162002912266450e-01  1.8543226331286830e-01 -1.0583070131452796e-01  4.3172466892402027e-02  1.6834957036413932e-02  9.3185260943635124e-03  4.1999036100981636e-02 -6.2253039068310397e-03 -5.2382657577680462e-04 -1.5094744258160537e-03  2.7266943528826568e-05  4.7281914739987489e-05  1.8525849888832497e-05  5.5682173580250976e-05  1.8658585223270327e-06 -6.4777854715644557e-07  4.3299166502126812e-07  1.5929344525748009e-06 -5.4559366162135655e-08 -5.0063253352813079e-08  2.0579024302681235e-09 -7.2555762666214412e-09
  0.0000000000000000e+00  0.0000000000000000e+00  0.0000000000000000e+00  0.0000000000000000e+00  0.0000000000000000e+00  0.0000000000000000e+00  0.0000000000000000e+00 -4.8856409935122574e-01  5.3249973349637381e-01 -5.7535610091964262e-01  3.2836971613284810e-01 -1.3395480254902881e-01 -5.2235220918800306e-02 -2.8913365690440077e-02 -1.3031390126902034e-01  1.9315768027006356e-02  1.6253202695828549e-03  4.6835718043849789e-03 -8.4603412763570762e-05 -1.4670552806074889e-04 -5.7481694759218154e-05 -1.7276970959368475e-04 -5.7893543717495494e-06  2.0099163570175721e-06 -1.3434792396240605e-06 -4.9425301685912221e-06  1.6928588166304843e-07  1.5533541862576112e-07 -6.3852249721742864e-09  2.2512479738463686e-08
  0.0000000000000000e+00  0.0000000000000000e+00  0.0000000000000000e+00  0.0000000000000000e+00  0.0000000000000000e+00  0.0000000000000000e+00  0.0000000000000000e+00  0.0000000000000000e+00 -7.9217400698134932e-01 -5.0801528360588522e-01  2.8993667435206599e-01 -1.1827646721490070e-01 -4.6121507231547718e-02 -2.5529288118700335e-02 -1.1506170423004995e-01  1.7055012289989811e-02  1.4350895669356044e-03  4.1353972864632436e-03 -7.4701261810577302e-05 -1.2953482256502843e-04 -5.0753923385144714e-05 -1.5254840068168595e-04 -5.1117568725843513e-06  1.7746717667585790e-06 -1.1862357691963691e-06 -4.3640466509595533e-06  1.4947232687037601e-07  1.3715465365027270e-07 -5.6378855980525105e-09  1.9877574532932048e-08
  0.0000000000000000e+00  0.0000000000000000e+00  0.0000000000000000e+00  0.0000000000000000e+00  0.0000000000000000e+00  0.0000000000000000e+00  0.0000000000000000e+00  0.0000000000000000e+00  0.0000000000000000e+00  5.5416178401665439e-01  7.1361393173750243e-01 -2.9111092961891688e-01 -1.1351771964245783e-01 -6.2834602450890106e-02 -2.8319851337026442e-01  4.1977077937068251e-02  3.5321502895243814e-03  1.0178350577706436e-02 -1.8386035938891822e-04 -3.1882083987520561e-04 -1.2491937040706074e-04 -3.7546358781275743e-04 -1.2581440164763770e-05  4.3679555194260123e-06 -2.9196526210960499e-06 -1.0741119576668467e-05  3.6789252378055387e-07  3.3757534077464685e-07 -1.3876387722606930e-08  4.8924180245739968e-08
  0.0000000000000000e+00  0.0000000000000000e+00  0.0000000000000000e+00  0.0000000000000000e+00  0.0000000000000000e+00  0.0000000000000000e+00  0.0000000000000000e+00  0.0000000000000000e+00  0.0000000000000000e+00  0.0000000000000000e+00 -5.1483774751449018e-01 -5.8234175606472149e-01 -2.2708219264590587e-01 -1.2569508393511808e-01 -5.6651366476293796e-01  8.3971444536067780e-02  7.0657553290039065e-03  2.0360893206665693e-02 -3.6779644342929511e-04 -6.3777298916945922e-04 -2.4989019005427284e-04 -7.5108181390326565e-04 -2.5168062116262275e-05  8.7377100232029464e-06 -5.8405077291112355e-06 -2.1486662986396557e-05  7.3593656762356215e-07  6.7528971518931333e-07 -2.7758490568513360e-08  9.7868510384090369e-08
  0.0000000000000000e+00  0.0000000000000000e+00  0.0000000000000000e+00  0.0000000000000000e+00  0.0000000000000000e+00  0.0000000000000000e+00  0.0000000000000000e+00  0.0000000000000000e+00  0.0000000000000000e+00  0.0000000000000000e+00  0.0000000000000000e+00 -7.3387551970935117e-01  2.4518025226487197e-01  1.3571276562280513e-01  6.1166382806009290e-01 -9.0663824030016868e-02 -7.6288838584026887e-03 -2.1983621324868408e-02  3.9710918646417736e-04  6.8860239788207220e-04  2.6980600778133280e-04  8.1094174077977988e-04  2.7173913316511231e-05 -9.4340904618917191e-06  6.3059861352111387e-06  2.3199113016975596e-05 -7.9458944445832626e-07 -7.2910914234548839e-07  2.9970794454555306e-08 -1.0566846208929779e-07
  0.0000000000000000e+00  0.0000000000000000e+00  0.0000000000000000e+00  0.0000000000000000e+00  0.0000000000000000e+00  0.0000000000000000e+00  0.0000000000000000e+00  0.0000000000000000e+00  0.0000000000000000e+00  0.0000000000000000e+00  0.0000000000000000e+00  0.0000000000000000e+00  9.3258932794308802e-01 -7.7323767420771267e-02 -3.4850186247084786e-01  5.1656661851983657e-02  4.3466363568681115e-03  1.2525398142094813e-02 -2.2625711173074729e-04 -3.9233841720687348e-04 -1.5372479441171208e-04 -4.6204253717834599e-04 -1.5482621281464997e-05  5.3751716970334179e-06 -3.5929015449651831e-06 -1.3217937244596034e-05  4.5272564534615164e-07  4.1541755846147830e-07 -1.7076173558063216e-08  6.0205711296258840e-08
  0.0000000000000000e+00  0.0000000000000000e+00  0.0000000000000000e+00  0.0000000000000000e+00  0.0000000000000000e+00  0.0000000000000000e+00  0.0000000000000000e+00  0.0000000000000000e+00  0.0000000000000000e+00  0.0000000000000000e+00  0.0000000000000000e+00  0.0000000000000000e+00  0.0000000000000000e+00  9.7678339602618436e-01 -2.1176374404154488e-01  3.1388664728812313e-02  2.6411910180092319e-03  7.6109355266440878e-03 -1.3748291833056447e-04 -2.3840059725939368e-04 -9.3409365981118647e-05 -2.8075562318558879e-04 -9.4078632088073525e-06  3.2661704455744683e-06 -2.1831914404707754e-06 -8.0317501306208388e-06  2.7509430509900159e-07  2.5242441144129818e-07 -1.0376169644893030e-08  3.6583410907442691e-08
  0.0000000000000000e+00  0.0000000000000000e+00  0.0000000000000000e+00  0.0000000000000000e+00  0.0000000000000000e+00  0.0000000000000000e+00  0.0000000000000000e+00  0.0000000000000000e+00  0.0000000000000000e+00  0.0000000000000000e+00  0.0000000000000000e+00  0.0000000000000000e+00  0.0000000000000000e+00  0.0000000000000000e+00  1.5127970863591025e-01  9.5738361558745844e-01  8.0558794970265579e-02  2.3214064807965670e-01 -4.1933575247630949e-03 -7.2714410674787561e-03 -2.8490729792225635e-03 -8.5633089506735299e-03 -2.8694862210983308e-04  9.9621251726540166e-05 -6.6589379728501419e-05 -2.4497588686818195e-04  8.3906334569704677e-06  7.6991805091465082e-06 -3.1648287355969992e-07  1.1158282299577893e-06
  0.0000000000000000e+00  0.0000000000000000e+00  0.0000000000000000e+00  0.0000000000000000e+00  0.0000000000000000e+00  0.0000000000000000e+00  0.0000000000000000e+00  0.0000000000000000e+00  0.0000000000000000e+00  0.0000000000000000e+00  0.0000000000000000e+00  0.0000000000000000e+00  0.0000000000000000e+00  0.0000000000000000e+00  0.0000000000000000e+00 -2.4889514782617667e-01  3.1712982369825166e-01  9.1385084429170327e-01 -1.6507679056305440e-02 -2.8624941877704486e-02 -1.1215733948575042e-02 -3.3710542204648419e-02 -1.1296093241431411e-03  3.9217158112032110e-04 -2.6213746446021298e-04 -9.6437837534070112e-04  3.3030783416110515e-05  3.0308791962291159e-05 -1.2458746178185639e-06  4.3925981014817465e-06
  0.0000000000000000e+00  0.0000000000000000e+00  0.0000000000000000e+00  0.0000000000000000e+00  0.0000000000000000e+00  0.0000000000000000e+00  0.0000000000000000e+00  0.0000000000000000e+00  0.0000000000000000e+00  0.0000000000000000e+00  0.0000000000000000e+00  0.0000000000000000e+00  0.0000000000000000e+00  0.0000000000000000e+00  0.0000000000000000e+00  0.0000000000000000e+00  9.4487404244369644e-01 -3.2697303571582342e-01  5.9063970530619705e-03  1.0241916611891250e-02  4.0129552867995254e-03  1.2061528847000654e-02  4.0417075958851392e-04 -1.4031779168489179e-04  9.3791982646617989e-05  3.4505163171156427e-04 -1.1818313232514880e-05 -1.0844393019596910e-05  4.4577012589528733e-07 -1.5716581594168682e-06
  0.0000000000000000e+00  0.0000000000000000e+00  0.0000000000000000e+00  0.0000000000000000e+00  0.0000000000000000e+00  0.0000000000000000e+00  0.0000000000000000e+00  0.0000000000000000e+00  0.0000000000000000e+00  0.0000000000000000e+00  0.0000000000000000e+00  0.0000000000000000e+00  0.0000000000000000e+00  0.0000000000000000e+00  0.0000000000000000e+00  0.0000000000000000e+00  0.0000000000000000e+00 -5.3045419121182470e-02 -3.3957762503847005e-01 -5.8884048729928717e-01 -2.3071761235057928e-01 -6.9345580451184485e-01 -2.3237067440278300e-02  8.0673178628071496e-03 -5.3924005495493343e-03 -1.9838120017941923e-02  6.7947256227510189e-04  6.2347877961733186e-04 -2.5628747831327570e-05  9.0359645711666949e-05
  0.0000000000000000e+00  0.0000000000000000e+00  0.0000000000000000e+00  0.0000000000000000e+00  0.0000000000000000e+00  0.0000000000000000e+00  0.0000000000000000e+00  0.0000000000000000e+00  0.0000000000000000e+00  0.0000000000000000e+00  0.0000000000000000e+00  0.0000000000000000e+00  0.0000000000000000e+00  0.0000000000000000e+00  0.0000000000000000e+00  0.0000000000000000e+00  0.0000000000000000e+00  0.0000000000000000e+00 -9.4040504649928580e-01  2.1322863488062624e-01  8.3546567509423172e-02  2.5111152805454534e-01  8.4145167932401926e-03 -2.9213058750835355e-03  1.9526751857426757e-03  7.1837031271828810e-03 -2.4604797057564123e-04 -2.2577171903478827e-04  9.2805828261537796e-06 -3.2720684665833609e-05
  0.0000000000000000e+00  0.0000000000000000e+00  0.0000000000000000e+00  0.0000000000000000e+00  0.0000000000000000e+00  0.0000000000000000e+00  0.0000000000000000e+00  0.0000000000000000e+00  0.0000000000000000e+00  0.0000000000000000e+00  0.0000000000000000e+00  0.0000000000000000e+00  0.0000000000000000e+00  0.0000000000000000e+00  0.0000000000000000e+00  0.0000000000000000e+00  0.0000000000000000e+00  0.0000000000000000e+00  0.0000000000000000e+00 -7.7898782621233986e-01  1.9776142683334336e-01  5.9440112936736589e-01  1.9917836205019676e-02 -6.9149653336504557e-03  4.6221387950017229e-03  1.7004401529944382e-02 -5.8241528265058997e-04 -5.3441976883012571e-04  2.1967883974864510e-05 -7.7452485235246843e-05
  0.0000000000000000e+00  0.0000000000000000e+00  0.0000000000000000e+00  0.0000000000000000e+00  0.0000000000000000e+00  0.0000000000000000e+00  0.0000000000000000e+00  0.0000000000000000e+00  0.0000000000000000e+00  0.0000000000000000e+00  0.0000000000000000e+00  0.0000000000000000e+00  0.0000000000000000e+00  0.0000000000000000e+00  0.0000000000000000e+00  0.0000000000000000e+00  0.0000000000000000e+00  0.0000000000000000e+00  0.0000000000000000e+00  0.0000000000000000e+00 -9.4896236418130631e-01  3.1505258820226267e-01  1.0557123023065211e-02 -3.6651641762763922e-03  2.4498890033154272e-03  9.0129046668221569e-03 -3.0869968635980667e-04 -2.8326044995167869e-04  1.1643717283939698e-05 -4.1052421892322475e-05
  0.0000000000000000e+00  0.0000000000000000e+00  0.0000000000000000e+00  0.0000000000000000e+00  0.0000000000000000e+00  0.0000000000000000e+00  0.0000000000000000e+00  0.0000000000000000e+00  0.0000000000000000e+00  0.0000000000000000e+00  0.0000000000000000e+00  0.0000000000000000e+00  0.0000000000000000e+00  0.0000000000000000e+00  0.0000000000000000e+00  0.0000000000000000e+00  0.0000000000000000e+00  0.0000000000000000e+00  0.0000000000000000e+00  0.0000000000000000e+00  0.0000000000000000e+00 -4.6198299073125372e-02  7.2378344757467927e-01 -2.5127917498325342e-01  1.6796139489147466e-01  6.1791372499516639e-01 -2.1164073087958646e-02 -1.9419990141220742e-02  7.9827902165602131e-04 -2.8145038552263033e-03
  0.0000000000000000e+00  0.0000000000000000e+00  0.0000000000000000e+00  0.0000000000000000e+00  0.0000000000000000e+00  0.0000000000000000e+00  0.0000000000000000e+00  0.0000000000000000e+00  0.0000000000000000e+00  0.0000000000000000e+00  0.0000000000000000e+00  0.0000000000000000e+00  0.0000000000000000e+00  0.0000000000000000e+00  0.0000000000000000e+00  0.0000000000000000e+00  0.0000000000000000e+00  0.0000000000000000e+00  0.0000000000000000e+00  0.0000000000000000e+00  0.0000000000000000e+00  0.0000000000000000e+00 -6.8921481334628143e-01 -2.6444687481323242e-01  1.7676302053794102e-01  6.5029405437225396e-01 -2.2273127038094188e-02 -2.0437649487236139e-02  8.4011097425788891e-04 -2.9619913735947022e-03
  0.0000000000000000e+00  0.0000000000000000e+00  0.0000000000000000e+00  0.0000000000000000e+00  0.0000000000000000e+00  0.0000000000000000e+00  0.0000000000000000e+00  0.0000000000000000e+00  0.0000000000000000e+00  0.0000000000000000e+00  0.0000000000000000e+00  0.0000000000000000e+00  0.0000000000000000e+00  0.0000000000000000e+00  0.0000000000000000e+00  0.0000000000000000e+00  0.0000000000000000e+00  0.0000000000000000e+00  0.0000000000000000e+00  0.0000000000000000e+00  0.0000000000000000e+00  0.0000000000000000e+00  0.0000000000000000e+00  9.3101642152931963e-01  9.5637302995433410e-02  3.5184038677806440e-01 -1.2050833894529277e-02 -1.1057752184686869e-02  4.5454047769932034e-04 -1.6025799152121472e-03
  0.0000000000000000e+00  0.0000000000000000e+00  0.0000000000000000e+00  0.0000000000000000e+00  0.0000000000000000e+00  0.0000000000000000e+00  0.0000000000000000e+00  0.0000000000000000e+00  0.0000000000000000e+00  0.0000000000000000e+00  0.0000000000000000e+00  0.0000000000000000e+00  0.0000000000000000e+00  0.0000000000000000e+00  0.0000000000000000e+00  0.0000000000000000e+00  0.0000000000000000e+00  0.0000000000000000e+00  0.0000000000000000e+00  0.0000000000000000e+00  0.0000000000000000e+00  0.0000000000000000e+00  0.0000000000000000e+00  0.0000000000000000e+00 -9.6505801461567597e-01  2.6175073002652166e-01 -8.9651861692361199e-03 -8.2263856440672935e-03  3.3815419245616463e-04 -1.1922351114206232e-03
  0.0000000000000000e+00  0.0000000000000000e+00  0.0000000000000000e+00  0.0000000000000000e+00  0.0000000000000000e+00  0.0000000000000000e+00  0.0000000000000000e+00  0.0000000000000000e+00  0.0000000000000000e+00  0.0000000000000000e+00  0.0000000000000000e+00  0.0000000000000000e+00  0.0000000000000000e+00  0.0000000000000000e+00  0.0000000000000000e+00  0.0000000000000000e+00  0.0000000000000000e+00  0.0000000000000000e+00  0.0000000000000000e+00  0.0000000000000000e+00  0.0000000000000000e+00  0.0000000000000000e+00  0.0000000000000000e+00  0.0000000000000000e+00  0.0000000000000000e+00 -4.6674614617381288e-02 -7.3222325711660652e-01 -6.7188241012394778e-01  2.7618429727375739e-02 -9.7374695857272028e-02
  0.0000000000000000e+00  0.0000000000000000e+00  0.0000000000000000e+00  0.0000000000000000e+00  0.0000000000000000e+00  0.0000000000000000e+00  0.0000000000000000e+00  0.0000000000000000e+00  0.0000000000000000e+00  0.0000000000000000e+00  0.0000000000000000e+00  0.0000000000000000e+00  0.0000000000000000e+00  0.0000000000000000e+00  0.0000000000000000e+00  0.0000000000000000e+00  0.0000000000000000e+00  0.0000000000000000e+00  0.0000000000000000e+00  0.0000000000000000e+00  0.0000000000000000e+00  0.0000000000000000e+00  0.0000000000000000e+00  0.0000000000000000e+00  0.0000000000000000e+00  0.0000000000000000e+00  6.8020477532198820e-01 -7.2484352708947120e-01  2.9795451874637790e-02 -1.0505025422741585e-01
  0.0000000000000000e+00  0.0000000000000000e+00  0.0000000000000000e+00  0.0000000000000000e+00  0.0000000000000000e+00  0.0000000000000000e+00  0.0000000000000000e+00  0.0000000000000000e+00  0.0000000000000000e+00  0.0000000000000000e+00  0.0000000000000000e+00  0.0000000000000000e+00  0.0000000000000000e+00  0.0000000000000000e+00  0.0000000000000000e+00  0.0000000000000000e+00  0.0000000000000000e+00  0.0000000000000000e+00  0.0000000000000000e+00  0.0000000000000000e+00  0.0000000000000000e+00  0.0000000000000000e+00  0.0000000000000000e+00  0.0000000000000000e+00  0.0000000000000000e+00  0.0000000000000000e+00  0.0000000000000000e+00  1.4896409207664837e-01  2.6982268412154975e-01 -9.5131772736831832e-01
  0.0000000000000000e+00  0.0000000000000000e+00  0.0000000000000000e+00  0.0000000000000000e+00  0.0000000000000000e+00  0.0000000000000000e+00  0.0000000000000000e+00  0.0000000000000000e+00  0.0000000000000000e+00  0.0000000000000000e+00  0.0000000000000000e+00  0.0000000000000000e+00  0.0000000000000000e+00  0.0000000000000000e+00  0.0000000000000000e+00  0.0000000000000000e+00  0.0000000000000000e+00  0.0000000000000000e+00  0.0000000000000000e+00  0.0000000000000000e+00  0.0000000000000000e+00  0.0000000000000000e+00  0.0000000000000000e+00  0.0000000000000000e+00  0.0000000000000000e+00  0.0000000000000000e+00  0.0000000000000000e+00  0.0000000000000000e+00  9.6205171751122287e-01  2.7286717067779725e-01
-337.50899809752036
 31.669667135268355 -55.01058966709836   23.48143574601353   78.51615525617808  -40.91360941745796   29.082175587826328 -59.318106845666634  79.70937871901893  -12.822764289292564 -23.89117393232398  -46.945488537865415  56.025216069327996  17.984657322077652  12.05376556737167  -40.31238306692735  -58.63881776583041  -69.60535301429174   17.160434422412607  36.73498745510162  -12.016044685914764 -64.16005367712762  -65.71591071481018    4.723132381513423 -26.2446716372733    25.823461423120477  72.62343399310646  -72.16171425522649  -60.60003926885447   17.31707349830225  -32.608854536049265
