500000
1.e-08
30
1
-100
100
  6.958226006454211  -53.75678010440321   -12.490357667135626   26.77161253654299   -18.47295971785055   -74.37893789707962    53.2453946681286     60.803673003447386  -26.61115578736407    53.88405900318517   -15.79615921272034    19.85035080174255   -55.88179001035002     6.278809501855335  -67.75379333738294    69.29592063843376    13.75039180050345   -64.3641134715938    -57.61462727530264    70.55345009867725   -23.938102085032327   49.114086072405115   72.1124994376959     21.870919773908213    1.7844574294760491  77.03064147976892    77.54603650724005    16.417921232347908  -58.995857751039296  -26.250702884549533 
-118.07535757360006
1 1 1 1 1 1 1 1 1 1 1 1 1 1 1 1 1 1 1 1 1 1 1 1 1 1 1 1 1 1
0.2 0.5
20 50 10 25
1
-2.1552262846867552e-08  1.6109197857030193e-07 -1.1950770258231462e-06  5.7669376430774523e-07 -1.1029477255320918e-05  1.0683373566410752e-04  7.9650395216042738e-05 -2.1991330039242605e-03 -8.7382382376280359e-03  8.5095809347348634e-03 -1.9474435316765765e-02 -7.8517980222395770e-02 -7.8077205577765540e-02  5.6336985272736957e-02 -1.4397413549133153e-02 -9.1056655721740237e-02  1.2109457255117438e-01  5.8672506463081128e-02  6.6753869914859792e-02  2.2081069952343092e-02 -6.4553255263764786e-01 -1.9135801419181125e-01 -3.2610569857741228e-01  2.9962473876980822e-01 -2.9211799510848546e-01 -1.0791117445581075e-01  2.5050269363535893e-01  3.0525727514900403e-01 -2.1055904823867244e-01  7.6072295637745896e-02
 -2.1298083078137049e-08  1.4281163301875430e-07 -1.1514008974226879e-06  5.9137168011441969e-07 -7.2924177516368709e-06  6.2848627696185941e-05 -1.7854655734542016e-05 -2.6610438015159882e-03 -1.0203727628195821e-02  9.5133326266362180e-03 -3.9662679641478037e-02 -1.0832084373285664e-01 -8.0149426338330582e-02  1.1013754435496299e-01 -4.4307085839002391e-02 -2.2983797750624768e-01  2.4313296164300946e-01  1.8297552709216119e-01  2.8737840984968477e-01  2.9062979891262153e-01  2.7810598618303282e-03 -2.1453803887419617e-01  1.4929163974992377e-02 -4.0126650374842682e-01 -1.5384414552755310e-01 -3.6406788845553539e-02  3.5835132140321863e-01 -5.0157913813167565e-01  1.0524490283921703e-01  1.7367777613417726e-01
  2.5193348738209616e-08 -1.7217106548998626e-07  1.4065430126229323e-06 -6.7427023873006816e-07  8.5015192295080495e-06 -5.9911280485738073e-05 -1.8723201120318303e-04 -1.9101073987478757e-03 -6.9664293668789332e-03  7.7122997703990837e-03 -2.6842133515666312e-03 -4.7462042801672225e-02 -6.0640273048786088e-02  9.3875234038051682e-03  4.5678507832053947e-02  1.6515488160490657e-02 -1.9497260890691669e-02  1.4221157373197861e-02 -9.2147799884155224e-02  2.0648541691190361e-01  4.5495531645237386e-01 -1.2111040127637798e-02 -1.3695226864874266e-01  3.0099813518818080e-01 -1.2969546287808681e-01 -1.4996560413306520e-01 -9.3183020116527591e-03  1.3925321300127166e-01 -5.8533858254656845e-03  7.5132150417663146e-01
  5.6278649325068608e-08 -4.4202607426614638e-07  3.2479399676055749e-06 -1.5146246441248919e-06  2.9849442234836985e-05 -2.6429991634209710e-04 -4.4171843886491019e-04  4.2673745223329019e-05  1.3967437849007748e-03 -1.1504731525950320e-03 -6.6122523869623800e-04  1.0223945143619536e-02  1.4997108503432204e-02  4.9136010620868288e-03 -1.0235897009325583e-02  2.2381515308863682e-02  2.3320793314333330e-01 -2.5371687938903176e-01 -4.1319044472548624e-02  8.3156990164640426e-02  1.7034150141519416e-01 -4.3523794109574326e-01 -1.7768982378479706e-01 -4.9596925581219597e-01 -2.5434638166892086e-02  2.7315470694102545e-01 -9.3639888817128841e-02  5.3803869559826478e-01  4.5236354592861426e-02 -9.3759084744558640e-03
  7.4547124179592636e-08 -9.4474459696675388e-07  5.3595384497246368e-06 -2.0664032012273257e-06  9.4533914900893758e-05 -8.5544805203351560e-04 -1.4917916558760691e-03 -1.9225675610243457e-03 -2.5607877957207845e-03  3.7102201764971920e-03  1.3185445842339267e-02 -1.1108167933072503e-03 -2.9549379838823275e-02 -5.0567224495263893e-02  4.8117689592657352e-02  8.8483299776404845e-03 -4.8031494181625062e-01  3.8412078143837103e-01 -1.2169676932989730e-01  2.1138232977228405e-01  1.8883675399823588e-01 -3.6200393567668304e-01 -2.0377656365201163e-01  1.0391695507740023e-01  8.5111294450758587e-02 -1.7429239776847250e-01  2.4146666046295279e-01  1.2541557216717250e-01  3.3722561276663521e-01 -3.3439857577487631e-01
  1.9725913212157870e-07 -2.0002080082296837e-06  1.2840333396294927e-05 -5.4999424616387580e-06  1.6716318483898538e-04 -1.4225364020592748e-03 -2.4165547232915096e-03 -2.4105653838303260e-03 -1.7954261276083229e-03  3.4572873752265732e-03 -3.1934473743050400e-03 -8.4799000916997835e-03 -1.1893751997235642e-02  1.2651083552061040e-02 -8.5066187428761465e-03 -2.4076290529123086e-02  9.3721036817005263e-02 -5.9074289483397317e-02 -5.2647441759796985e-02  1.4844609971805886e-01 -1.6996078813642360e-01 -3.2483120720226288e-01 -2.5167393203738342e-01  3.5635717893724084e-01  3.9559985103253659e-01  4.9309839727819205e-01 -2.8412677047204860e-01 -3.5056744997633882e-01  1.5812820387924986e-01  9.4055951617619732e-02
 -1.1235323176638485e-07 -7.7289891635688370e-07 -9.7853178055730693e-07  2.1277710281183624e-06  1.6108391499222415e-04 -1.0834751599101597e-03 -1.4754695673393128e-03 -8.3288847190210902e-04  3.7168439903837612e-03 -2.6724396505003003e-03  8.5732127893865494e-03  3.3855618780688157e-02  2.6206975157538618e-02 -3.1074897088155036e-02 -9.9450780652733436e-03  4.6597145973124268e-02  1.0522265583003416e-01 -2.0894014604315428e-01 -2.3609030996648431e-01  1.9494843004436349e-01 -5.8207683254818711e-02 -2.0026797567826329e-01 -1.6905635754006798e-01 -1.4341673678090752e-01  3.5635768033518272e-01 -6.6038451407657672e-01 -1.8863581349750211e-01 -1.7981558103122755e-01 -3.4596216368659694e-01 -5.4882199742217357e-02
 -2.3605868286547497e-06  2.4845192191133685e-05 -1.5626801790718213e-04  6.6055156947690796e-05 -2.1399466386650932e-03  1.8338228209892279e-02  3.0792842091333254e-02  2.3357703198083037e-02 -6.9718583470373373e-03 -1.2158766060784585e-02 -3.7262594792379623e-02 -1.5965865441586308e-01 -6.0078848653954436e-02  8.5077870575983580e-02  2.2646746839899767e-01  7.6338583199680787e-02  1.7976159514177337e-01  1.2391743022754839e-01  3.6274228597957592e-01  3.6990897745992235e-02  1.6531237567477416e-01  2.4173234970579577e-01 -1.4669722909914770e-01  5.5244130071367512e-02  5.9849057742263223e-01  8.8112879587280840e-02  3.6510441758529139e-01  2.2027695231239258e-01 -2.4722656185306016e-01 -5.7209566911362038e-02
 -6.9574254719746851e-07  7.9049724348778043e-06 -4.8367025078893124e-05  2.0153395447709004e-05 -6.8857102464889731e-04  5.6240122907334853e-03  9.3617931082543952e-03  8.3506593511355545e-03  1.8728261015352517e-03 -7.4089029759139549e-03  1.6907349838177734e-02  6.7989405277160374e-03  1.3964725809608378e-03 -4.6523620243528283e-02  7.8451854076524580e-02  2.0117969328247279e-01 -1.9558527101440698e-01 -4.9457437960364323e-02 -5.5730549664124857e-03 -6.0797910571445524e-01 -2.1907127847508362e-01 -6.3098536136080963e-02 -2.1162175921549614e-01 -2.7937726555765224e-01  2.3772296173190910e-01 -1.2395068803437641e-01  1.6831358512515937e-01 -7.7441866803093840e-02  3.2175652176030567e-01  3.9461039646830132e-01
 -4.1444839606912484e-07  3.7158536169105530e-06 -3.3277984410640426e-05  1.9629227218367163e-05  1.4344348649495171e-04 -4.9247320703185958e-03 -8.6355393148537154e-03  2.4807959390584812e-04  2.4980496547323216e-02 -1.9039230073467330e-02  2.4434219258414422e-02  2.2476808681835284e-01  2.8693806622691953e-01 -5.1341631741541820e-02  1.9609311099042768e-02  1.3793355885200204e-01  1.2548431499659482e-01 -3.4070234502332214e-01  4.3829253141726982e-01 -2.6423905265709646e-01  3.1662861205383253e-01 -2.6357484452029339e-01 -1.7874329591450594e-01  3.0428425147464955e-01 -2.1734708322717683e-01 -1.2611239709305927e-01  1.3329572679393414e-01 -1.7585766860327262e-01 -7.4638541349596743e-03 -2.0859841916387364e-01
  1.6298628088616363e-07  1.3567400365065288e-05 -3.1058354640567902e-05 -4.7015347870388592e-06 -2.3532773132881914e-03  2.2326091304881973e-02  3.6336189521820945e-02  3.6458464836237756e-02  1.3171249772035463e-02 -3.5683340049468305e-02  8.0159962301226302e-03  2.6343362403895294e-02  1.6166346027826001e-01 -2.0102177114330780e-02  2.9507187368010707e-01  2.5965843085225959e-01 -1.4809332958853516e-01  2.4809830081482281e-01  1.9798804712740714e-01  1.6062057226923990e-01 -3.3643403835497521e-02  2.7150977148510291e-01 -5.3997427119896124e-01 -2.4675900733459033e-01 -2.5658878570791888e-01  7.0789285788003781e-02 -3.7408641821903671e-01 -1.1826217206861603e-01 -1.1142611510371692e-01 -2.5035668317350462e-02
 -8.0475398951672399e-06  7.0742715516124562e-05 -5.2122240798924949e-04  2.6602285591946425e-04 -3.2867382163970483e-03  1.6924909947416331e-02  2.7719063993127749e-02  1.7448857687244943e-02 -2.2625945952707442e-02  2.9339224171823219e-04 -6.2993876572659979e-02 -2.8961716291179923e-01 -2.6436118105343487e-01  1.5928517707204087e-01  7.2157961403098103e-02 -8.5139810942598870e-02  4.0467230932298082e-01 -2.7757547960035277e-02  1.0083381718434108e-01 -5.5067834531715369e-02  2.9991745431553481e-02  1.7592351901572448e-01 -1.2308687291533160e-01  1.1599482711316661e-01 -3.1369145872364224e-02 -3.1757769745523590e-01 -2.9536711019805145e-01  9.9863032987468736e-02  5.7801037536808797e-01 -1.7670104739653469e-01
  1.2620426127193660e-05 -1.0201393189168209e-04  7.8498759816677892e-04 -4.0255091824824914e-04  4.2640443873661667e-03 -1.9737202292464218e-02 -3.3755342360090465e-02 -2.8406439631678378e-02 -1.1804244475679343e-02  3.6862413501825009e-02 -3.7373727439412733e-03  1.8735690374755636e-02 -4.1625897808848435e-02  9.6207189654064773e-02 -3.2334006068618887e-01 -4.0753756008959818e-01 -2.6066256209286431e-02  4.6328223397675944e-01  2.3068594974107115e-01 -4.0537109910918834e-01  1.5831753432504678e-01 -1.8926667427271857e-01 -6.3736826770207727e-02 -2.0881739016151736e-02  7.9426073901499278e-02 -5.5185728043270418e-02 -3.6182710148646335e-01  6.9009057976062563e-02 -2.6378581698918319e-01  3.6102231197951473e-02
 -1.7158651573164083e-05  3.4405607413773976e-04 -2.0054819673806200e-03  1.0363830428876601e-03 -1.6921329136414878e-02 -1.8516817632353764e-03 -5.3764447640482632e-02  1.9009025769496354e-02 -1.1828201881656651e-01  9.0492535010974165e-02  6.9303182150381670e-02 -1.0804702171995909e-01 -3.1600043962398749e-01  4.4263896445293910e-01 -1.8638803220338948e-01  1.9573073993021334e-01  6.7904996714939297e-02 -2.5928704448658892e-02 -4.2050698255569230e-01 -2.2026327658654851e-01  2.3325758753525222e-01  7.0520802483065123e-02 -3.1354373705470223e-01 -3.9532460055527047e-03 -1.5639762696533077e-01  1.5330139692092698e-01  2.0219728427294359e-01 -2.0460957273237468e-01 -1.9861246035592645e-01 -1.7455548288725631e-01
 -1.7914594566455260e-04  1.8153096119314710e-03 -1.2987376349712415e-02  7.0053947600946373e-03 -6.6160882010844080e-02  8.5021720148960880e-02  5.0807548820989396e-02  2.0756203553592453e-01 -1.8755409597247270e-02 -2.2164151733830906e-01 -1.3184987235953835e-01  2.2508621452804722e-01  4.8349604893320020e-01  5.0200372155589823e-01 -4.3577032699075302e-01 -1.2953646522758207e-02 -2.1439153761299172e-02 -1.0516669060740585e-02 -3.6327248015579142e-03  1.6288192356438588e-01 -7.7010602730273006e-02  1.8853310543235099e-01 -8.8148217020366931e-02 -1.4480090805450901e-02  1.2168805553065837e-01 -4.9154646953666573e-02  5.5330421341433136e-02  1.0805191214606313e-01  1.9139513040608644e-01  6.3110003222017708e-02
 -9.5314404814596208e-05  2.8241877608689673e-04 -4.0921390598305353e-03  2.8691417318803115e-03  2.7999152602160127e-02 -1.2594130004625781e-01 -1.1060309308718075e-01 -2.0578361966054731e-01  2.1162697306794390e-01 -6.4174847494456538e-02 -4.5208953889712700e-01 -2.6871111251139883e-02 -9.7508220280529717e-02 -3.3912530100832317e-01 -2.6793829695221638e-01 -3.6511351728451730e-01 -1.5800397826915452e-01 -2.7809110163218298e-01 -3.2301320599618759e-02  2.9537798432328038e-02  7.3498335963059158e-02  2.7710846365734632e-01 -3.6579871105808748e-01 -5.3258204531958703e-02  1.2689086012491848e-02  5.9106952040017757e-02  1.1694432302960751e-01 -3.5539621578505660e-02  2.2169119266013892e-02 -5.4668370010324506e-02
  9.6303344910312106e-05 -1.8647497520519205e-03  1.0974448163375681e-02 -6.3755622831854373e-03  7.5321002902638684e-02 -5.3946610346363652e-03  2.4863177929750607e-01 -2.0722361446821119e-01  4.3890636484202006e-01 -2.1493912064593115e-01 -2.5881800961675627e-01  2.1018826023547335e-02  2.5706089275549687e-01 -1.2079679873957372e-01  9.1620529258597719e-02  1.4922896970896285e-01  4.1411086117946672e-01  3.7254579379830277e-01 -3.4320264384891735e-01 -1.4967236725978050e-01  5.8602736974207023e-02 -6.4737475863455837e-02  3.2461844609007591e-02  4.5989293158555475e-02 -4.0920158507125437e-02  1.8115552723482420e-02  8.2274352286686628e-02 -3.4060420246004683e-02 -7.4533840250401613e-03 -2.2854113568044877e-02
  1.9086348897033240e-04 -1.1646611564703887e-03  1.0568251165255890e-02 -6.0872970334944904e-03  1.1306581582494535e-02  3.1176715589163042e-02 -1.6931484796427306e-02  6.7027927839384632e-02 -1.9199240061516823e-01  1.9656451553038787e-01  5.3194964824497204e-01  2.7820452228025627e-01  2.0671992480997711e-01 -3.1823072719495021e-01 -3.2322294762775080e-03 -3.3662731645286303e-01  2.9223637266311286e-01  1.0884902719832584e-01 -2.3487459370576860e-01 -1.7857897619751609e-02  3.7394177324997446e-02  2.2546350723558581e-01 -2.3600709856457869e-01 -1.0008572070276219e-02  4.1487488210106005e-02  1.5128242939531092e-02  1.5093707789645622e-01  1.0108722102092106e-02  1.2133542047396007e-01 -2.1167169454027003e-02
 -3.9405693875135697e-04  5.2945762562859973e-03 -3.4833566373010438e-02  2.0832085582496270e-02 -1.5208776062992407e-01  4.7072279280817336e-02 -2.6136036457524020e-01  5.6606013353609796e-01 -3.2739680780014413e-01 -2.2502546427726894e-01 -4.0350959985230683e-01 -4.9990097570547870e-02  1.0297483952722980e-01 -1.0334000902686587e-01  3.3829890995233025e-01 -2.0714498471452031e-01  6.7734613750347991e-02  4.4897624026612140e-02 -1.8990677779069948e-01 -1.3925674698083812e-01  5.3368472403866135e-02 -7.3979956203680836e-02  2.1554547285659927e-02  1.8392488556976037e-02 -5.1436934494476977e-02  2.7617322905540392e-02  2.2453454062782964e-02 -4.7612063467685282e-02 -6.6419074672954256e-02 -2.6199320820708787e-02
 -1.5146272602407931e-05  1.0761597687781322e-03 -5.6027035928078919e-03  4.4972573615167377e-03 -3.9738738927234934e-03  4.6688480481057976e-02  1.1000299056160162e-01  3.3324345064503991e-01  2.1731959769980752e-01 -3.2927787860666824e-01  4.8968602876457934e-02  5.9018959927493964e-01 -5.6920922491694870e-01 -9.8493789518403901e-02 -7.4595167572448731e-02  9.6229736010443989e-02  6.6321370003432328e-02  5.2506391166181804e-02  9.2448700053528898e-02  4.7845529567074621e-02 -1.2894950852212934e-02  2.5049963413865693e-02 -1.4454622802862020e-02 -5.0972142984607432e-03  1.5084800472659067e-02 -6.2355103743343297e-03 -3.5496697996629544e-03  1.1762677582664929e-02  1.4556324220149455e-02  7.2248901872556479e-03
  2.5304192959757082e-03 -2.1644927328767962e-03  7.3617059501253940e-02 -4.7988953858292778e-02 -1.3404856666213810e-01  3.8641795444511746e-02  6.0373373878114145e-01  6.8746153448083935e-02  2.0709126807300549e-01 -8.6198513129337601e-02  1.3417168168347940e-01 -5.1256460904622422e-02  8.7334589312866029e-03  2.6241307294092742e-01  3.5705790650685704e-01 -4.6520119163427742e-01 -2.1465694328204005e-01 -2.2978015664692830e-01 -6.8547812751634282e-02 -7.5726733226353260e-02  3.6724750696231157e-02 -1.0673099593378674e-02 -3.9580854166724862e-02 -9.8136332034262537e-03 -3.0158043111705838e-02  2.8138143950924635e-02  5.5012686156161866e-03 -3.6742306048840614e-02 -6.1838471325510354e-02 -2.1383203874578791e-02
 -1.3004501994852168e-03  6.8416855501764737e-04 -3.6649014141748433e-02  2.2271329733005493e-02  7.2636048612790369e-02 -2.1692827302266746e-01 -3.7894944666186647e-01 -3.4470728258436467e-01  5.7347867570440580e-02  1.8042520577707621e-01 -1.5527765120959999e-01  4.9440839042930612e-01 -3.0893960339263185e-02  3.9483510009423134e-01  4.2157804512439678e-01 -1.7929902258304176e-01  1.8648519127561075e-02  1.3194719794667154e-02 -5.0750996150752369e-02 -1.6257738843784668e-03 -3.8174797304890283e-02  1.2491481448660854e-02  3.7989348122229115e-02 -7.0966969582858634e-03  3.0508737687145640e-02 -2.5275328224445701e-02 -1.1389552294098187e-02  3.3901113317776538e-02  5.2763511583093434e-02  2.1002214304188985e-02
 -1.3178799585306468e-02  1.6063737932943290e-02 -3.5808408258330382e-01  2.0258935842907944e-01  2.2242442475642960e-02 -4.9569969987503465e-01 -9.1477435394693704e-02  4.5942371824116690e-01  4.7254490708897773e-01  3.2143403449453567e-01  1.0434531340692726e-01 -1.3510411945561931e-01  8.0373995132133447e-02  3.1612009501004373e-02 -3.0292303561644106e-02  1.7387052226331402e-02 -7.5593008360000736e-03 -3.2223842063605519e-03  1.2649854121622873e-03  6.5393603028239405e-03 -3.8384535255970055e-03  7.4904941499372895e-04  4.2595548479102113e-03  5.8430057421432003e-04  2.8520934305910025e-03 -2.6482908202618578e-03 -6.4562019006273895e-04  3.4960217632494630e-03  5.8316893044076954e-03  2.0327308186458468e-03
  2.2261308496812876e-02 -5.4275482804270452e-03  4.4538524971624016e-01 -2.3137873427888617e-01 -9.9463184862727372e-02  4.8056140519436397e-01 -1.6030267584006824e-01  2.3350201399428372e-01  3.7343093248740711e-01  5.1644746329566682e-01 -1.3640554312240166e-01  3.4320480386945657e-02  9.6794499981959527e-03  1.0004448114541823e-02 -6.0382757459617022e-03  1.2848831489280600e-02  7.4367178378901590e-04  3.4710302379745879e-03 -5.6073921599687814e-04  4.9098026512847288e-03 -4.4200899280367337e-03  1.0612421984948751e-03  4.8210218985911598e-03  2.7575085343577383e-04  3.4304790753243901e-03 -3.0957815723342075e-03 -8.9108323322275337e-04  4.0695467977897729e-03  6.6732180568856766e-03  2.4333158239630672e-03
 -2.9518120157066417e-02 -3.5969873466641301e-02  5.0261950651470799e-01 -3.7203188105685875e-01 -2.2334539984546406e-01 -6.5407033766164280e-01  1.9334291775381873e-01  6.6093601112363370e-02 -1.9106251761028775e-01  9.8478421782174932e-02 -1.0445477898901745e-01  6.8753762194672163e-02 -5.4828472242103576e-04 -4.2056677994804628e-02 -6.6729463067804903e-02  1.0768913931674544e-01  5.2329421763208941e-02  5.6715548523517657e-02  1.5036030120197828e-02  2.0229333265998982e-02 -1.2397585522870068e-02  4.0416774631201703e-03  1.2610100451280328e-02  1.8346212437933447e-03  1.0107431258854896e-02 -9.0866717192568305e-03 -2.4745455423237184e-03  1.2021873420272689e-02  1.9804912625028970e-02  7.0553720258146029e-03
 -3.5160572393246596e-02 -3.2870505665147598e-02  3.4006133806290462e-01 -2.5094465499846552e-01  4.7123659505213827e-01 -1.0445915035689729e-01 -3.8435403431818987e-01  9.0345663802593429e-02  2.3302330143933411e-01 -4.4489016549270338e-01  3.2153572059102481e-01 -2.1098142401033276e-01  6.2860188350563978e-02  8.3511608872907442e-02  5.5059023179613392e-02 -9.4924054679287592e-02 -5.3710021871583025e-02 -5.5726034394354140e-02 -1.3700400466813804e-02 -1.5821485538630747e-02  9.6048011944854499e-03 -3.3075490386547781e-03 -9.6996300371554288e-03 -1.5230846914638350e-03 -7.9583852784147063e-03  7.1544699703439242e-03  1.9563343539281577e-03 -9.4568164778966683e-03 -1.5581610931262037e-02 -5.5517275075406642e-03
 -5.3104314961830479e-01 -1.8265860062901884e-01 -4.3053889964483888e-01 -6.2736290979231313e-01 -2.6975467302816414e-01  7.3198583609362114e-02 -1.0055253127887664e-01 -6.1283339906986506e-02  8.0863444479359614e-02 -5.2908417667318103e-02  6.2007666721425089e-02 -2.1133366111241857e-02 -2.1739225947353456e-03 -4.7275434464038660e-03  1.4969930233807460e-03 -7.2374955742758639e-05  4.2351590289216061e-03  3.2480805511139296e-03  4.6158559978533699e-04 -5.7721545252677230e-04  3.8395449000147477e-04 -4.5125253965107895e-05 -4.2483892847448249e-04 -1.8804121358242931e-05 -2.5656399066406040e-04  2.3244541068395797e-04  5.7999130719260501e-05 -3.1114336668386968e-04 -5.1341105721795701e-04 -1.8113546505689281e-04
 -1.5657653855021020e-01 -8.7453491010811818e-02 -1.4067782780254415e-01 -2.1644818998073170e-01  7.6581971670546412e-01  2.5400087170382057e-02  3.1274834324634715e-01  1.6366052241622120e-01 -2.2090902664121098e-01  2.6592438251906503e-01 -2.4475780075040288e-01  9.8089787315229104e-02 -9.3210452077449046e-03  4.9533245275099049e-03 -6.2238327912781874e-04 -4.2046056462173766e-03 -1.3304238394356887e-02 -1.0875990582134938e-02 -1.9871662603746210e-03  4.9801639686082632e-04 -4.1904101938663985e-04 -6.6736113496537139e-05  5.1469451458980686e-04 -4.2614163940452558e-05  1.9894279405420411e-04 -1.8348733695429969e-04 -3.9439468658242070e-05  2.5020980997840931e-04  4.1291598391815656e-04  1.4514818328133301e-04
 -5.8320102298687093e-01  7.8502102424229125e-01  1.3392364476732954e-01  1.5683475909502062e-01  2.6001611648745822e-02 -2.3557250418261280e-03  1.3951252291080147e-02  1.9530631720549377e-05 -1.0987858789770004e-02  5.6441066299614557e-03 -6.6340037259294739e-03  3.5521922170338549e-03 -5.1427069620834721e-04 -2.6807182355555989e-04 -1.1732594125247777e-04  1.4831593239863488e-04 -7.6362698529488929e-05 -3.4982399332267820e-05 -3.8576922891287776e-06  3.8964601336983709e-05 -2.8244677661967268e-05  5.1781712554939628e-06  3.1458784726042159e-05  2.4896383566693361e-06  2.0796536284647467e-05 -1.8781868734107470e-05 -4.7804018595963096e-06  2.5074660339752213e-05  4.1373423172683979e-05  1.4604996105111626e-05
 -5.9208813416090722e-01 -5.8311681749739952e-01  2.7133056776036246e-01  4.8540687677682820e-01 -7.8711477799627647e-03 -1.5233262186277322e-03  6.5538960790242429e-03  2.1815383570982132e-03 -3.1187317235256418e-03  4.8410980272095821e-03 -4.2694369137828122e-03  1.6652451372722041e-03 -1.6833518679846115e-04  9.7093554068637013e-05  4.0782210623297293e-06 -9.9228134421454605e-05 -2.4844226524108461e-04 -2.0633476231618529e-04 -3.8622729640809073e-05  4.2797075149747729e-06 -4.5060006000686082e-06 -2.0299837016383682e-06  6.0358169416609841e-06 -1.1796679850993791e-06  1.1755832261187544e-06 -1.1372793569669577e-06 -1.4434652650249654e-07  1.6232704417951545e-06  2.6796975560073967e-06  9.3371232265185535e-07
-118.07535757360006
  6.958226006454211  -53.75678010440321   -12.490357667135626   26.77161253654299   -18.47295971785055   -74.37893789707962    53.2453946681286     60.803673003447386  -26.61115578736407    53.88405900318517   -15.79615921272034    19.85035080174255   -55.88179001035002     6.278809501855335  -67.75379333738294    69.29592063843376    13.75039180050345   -64.3641134715938    -57.61462727530264    70.55345009867725   -23.938102085032327   49.114086072405115   72.1124994376959     21.870919773908213    1.7844574294760491  77.03064147976892    77.54603650724005    16.417921232347908  -58.995857751039296  -26.250702884549533 
