500000
1.e-08
30
1
-100
100
 68.151826670883     -58.68087861619729    70.35559123342637   -72.94394920851377   -14.547566017189439   54.881088831946016   36.19691807133617    35.34833308127618   -35.62474989104217   -12.60577936316885    14.327989391367325  -17.737982563898328    0.9560371927693581   6.455917385711473   51.883200828301256   35.9964673641326     25.678121940292385  -74.25857186319718   -55.13836618781477    61.84429371823242    42.52081767988767   -51.138493116715686  -69.57503795923873   -53.96292818664881    53.98489468387126    75.69704033248868    40.81678969633097    45.53673377452151   -75.29849961401351    59.942109027598576 
-382.6205211774271
4.141419796982534  5.496226653575327  9.55051839755158   1.4867894717225068 2.725297601987776  2.3513575670827214 5.84422218794654   3.120636317316042  1.690605881663887  5.634993214336508  8.526290118595574  7.137519695836362  1.3305131548598284 1.4074303254287623 5.842766304192665  2.272751908312327  7.365093505485772  3.227010221279417  4.959643190948054  6.582614495988064  9.754636574988284  2.7730528849604354 9.2065518684936    4.156975775226703  2.457317179165352  4.787771921119569  8.57331089455947   1.394075571811439  2.232741610273253  6.309459827291425 
0 0
0 0 0 0
1
 1.7523440975256586e-11 -1.2101976440328187e-06  6.8193150352254621e-06  3.3282078850259517e-06  1.8388332060342281e-05  3.2458755790826314e-04  3.0723410980448493e-03  1.6603655703308465e-02 -9.8019090271191794e-03 -6.9444136699883946e-02  4.1589382743130218e-02 -8.2572929138233164e-02  4.7786604960973193e-02 -5.2595612009341576e-02 -2.5323963902104875e-02  1.9485722930845936e-02 -7.4793352969232544e-03 -4.0284263653649940e-02  1.1267469013364234e-01 -2.4871921657584103e-01  9.6433405086898016e-02 -7.5361363900268818e-02  2.4972151577965895e-01  3.6224377131304586e-01  6.6086210668562795e-03  3.4068163432993465e-01 -1.7457077344890094e-02  7.5727158200634803e-01 -8.2330704060065846e-03 -7.3764743688366788e-02
 -4.5432896760001611e-12  3.1376590544886955e-07 -1.7680507661611622e-06 -8.7643804217713949e-07 -4.7511517215721818e-06 -8.1822687041914249e-05 -7.6021600965148239e-04 -5.4975214179724917e-03  3.1098172147657173e-03  2.3946740089498313e-02 -1.5095046262098281e-02  2.7483658878595170e-02 -1.7024804421308087e-02  2.6263266082799511e-02  2.1428921621117574e-02 -1.5114377930958695e-01 -1.1448382240998341e-01 -2.9598153745311967e-02 -1.7535304079262173e-01  1.7423230691731931e-01 -1.6149759916335094e-01 -1.4691326623739592e-01  1.2988190934282334e-01  4.2533084081210792e-01 -1.5786617918076776e-01 -5.6587390844129315e-01  1.9515864755074844e-01  7.4618744258851094e-02 -3.5929549217516127e-01 -3.6838526641357605e-01
  1.0356814950363435e-11 -7.1525893256880015e-07  4.0303787881006090e-06  1.9534113138136807e-06  1.0884487149628546e-05  1.9598778577226183e-04  1.8746636288312227e-03  8.4428428081291598e-03 -5.1769368933239791e-03 -3.4791483259240467e-02  2.0183241877934008e-02 -4.2802958832658354e-02  2.3564086075822221e-02 -1.9609887389741638e-02 -4.0082221757214032e-04 -1.0520681790741540e-01 -9.3012840005145661e-02 -1.4277932940083662e-01  2.2986954294115303e-01 -1.1306359560548576e-01  7.0379569172149228e-02 -1.7779377561869975e-01  1.1797819217685064e-01 -6.8398363730324485e-02 -3.0858475229739296e-01 -3.1005912087407062e-01 -2.8257583433262923e-01 -8.1122509327774539e-03  6.8815505365533336e-01 -2.9964096247016780e-01
  2.2496674899192862e-11 -1.5536666407268550e-06  8.7546258352664560e-06  4.2022597009170956e-06  2.3692408376054123e-05  4.2727295566033236e-04  4.1135889373634747e-03  1.5226224624299437e-02 -9.3599323914829273e-03 -5.5354226321256333e-02  3.3798607351991493e-02 -7.5719711541975210e-02  2.1125775114430409e-02 -1.5737335096546224e-02  6.7689194907549086e-02 -1.9183206556288668e-01 -1.7452678153691070e-02 -3.5400934169379061e-01  3.5797408502821276e-01 -1.0828318008690258e-01  4.6836769358193336e-02 -5.8323488843298903e-02 -3.5752880229778899e-01 -3.6304248386305460e-01  5.5069828271781716e-02 -3.7330828115731018e-01  2.1660199262037327e-01  3.5655657769161686e-01 -1.8547616107968715e-01  2.5707221066467595e-01
 -3.5800767453922798e-11  2.4724706134947262e-06 -1.3931982078181009e-05 -6.7345738494484389e-06 -3.7646549867018202e-05 -6.7203760071046185e-04 -6.4223395726267386e-03 -2.8399005514477469e-02  1.7018839754237902e-02  1.1028903584712667e-01 -6.7064600484400771e-02  1.4058720161198326e-01 -5.9282599127471414e-02  6.3478906636434296e-02 -3.9890911154708053e-02  5.6650084640154773e-02 -6.7961597946249994e-02  1.0188438786002216e-01 -4.4735304680856469e-01 -2.3062095770677751e-01 -2.0242217462725642e-01  1.7566116208572385e-01 -5.4934727687850282e-01  1.8689620593197823e-01  1.7835527974816637e-01 -2.0461109148386036e-01 -2.5225196698905827e-01  2.6043047625706706e-01  2.5059569080622301e-01  7.2854443158266849e-02
 -1.1226017482866876e-11  7.7438501500918651e-07 -4.3623392147023300e-06 -2.0271661276194101e-06 -1.1886253926234492e-05 -2.0117077501214048e-04 -1.9312893905221982e-03 -6.0783326979573452e-03  3.8357750402389637e-03  1.9801316103679627e-02 -6.9464723612960785e-03  2.4223952830877468e-02 -1.7879844624733444e-02 -7.9755662259293428e-03 -1.9248097828216036e-02  9.3802264579468553e-02  5.7489092001036968e-02  1.5346196195936770e-01 -1.4301053744573756e-02  1.5977327510483316e-01 -4.6679854638222579e-03  2.4357261378447348e-01 -2.9829027512622060e-02 -5.2377708952621727e-01  6.1046695613291097e-02  2.3702728743136975e-02 -2.8882341390691918e-01  2.7035108863442170e-01 -2.4211708123230685e-01 -6.1869030169397288e-01
  4.4055253162336912e-12 -2.9897101362836224e-07  1.6778443104009245e-06  4.8853392084277182e-07  4.9225823641185474e-06 -1.9991777973089330e-05 -3.5992694671704124e-04  3.2915266001065989e-03 -9.6368706846202323e-04 -7.0509557357685748e-03  7.7890343926174015e-03 -6.2377790501352550e-03 -1.1579980215116257e-02  8.2080918963274886e-03  5.7053923196343823e-02  1.0735424099261637e-01  2.2583730450864709e-01  1.4835343835514597e-01 -2.4897400080699350e-01  2.5744060063126273e-01 -5.8498245748273399e-02  3.2588190701065181e-02 -2.5202526850941313e-02 -1.8844525897709349e-01 -1.4204628141380737e-01  3.8866237106779333e-02  6.9950901116160724e-01  2.3613975935076531e-01  4.1223994721636043e-01 -7.9038905197769904e-02
 -1.0709062401871403e-11  7.1527000037251892e-07 -4.0113772380399622e-06 -1.9230553512416888e-06 -1.0850105650620974e-05 -1.5259362436262689e-04 -1.3422778834182067e-03 -1.3171446471889399e-02  6.9547725281141563e-03  5.2757818549904897e-02 -4.4492593688401180e-02  6.9030678762646777e-02  4.6121371087776003e-03  3.1279537397865390e-02 -8.2497469449014940e-02  3.9626172526118564e-01  1.4935031283169628e-01  1.9579615023321345e-01  1.9502704211497929e-01 -5.7469291014172774e-01  3.5664266924958749e-01 -9.0425518530957445e-03 -1.3260979414972524e-01  8.5582779489242228e-02  8.7002800415164880e-02 -1.5924845796781154e-01  2.9232145786943581e-01 -1.9631355883818633e-01 -7.5970750781383212e-02 -2.8564419873676283e-01
  1.2882877478911418e-11 -9.2115549576884438e-07  5.1658610618860939e-06  3.5284482581505232e-06  1.2695272704483577e-05  5.4842581721644562e-04  5.7174333437472920e-03  1.1799231696803266e-02 -8.1377757309724144e-03 -3.9166649703180151e-02  5.2673439063564850e-02 -1.0083705605930939e-01 -7.6008407878158643e-02 -7.0296559699178779e-02  1.8111577680245239e-01 -6.1926712011047255e-02  5.0111169031150704e-01 -4.3754605221387216e-01 -5.5190552476291552e-02  1.6706012831075676e-01  8.6126097476972335e-02 -1.7619953364967186e-01 -1.1352432736477926e-01  1.8511563854458216e-01  5.2736052901471009e-01  6.1060873713199404e-02 -5.4252360066816149e-02 -1.0318070659290471e-01  1.1224754922278052e-01 -2.6602152399637918e-01
  2.4101520842722711e-11 -1.9478823453913282e-06  1.1555664896286097e-05  4.9319382746963897e-06  3.2281475499064207e-05  4.6298714489651535e-04  4.4505610645116144e-03  3.0067950581761892e-03 -3.3416418927967257e-03  9.0507546615054783e-03 -4.3572872685804939e-02  2.2788390716155887e-02  6.6626678215413099e-02  1.0864232884205183e-01 -3.9127499897869487e-03 -1.6762153791267545e-01 -3.2406287919303312e-01  7.1363250598362155e-02  4.9749887212068078e-01  2.6154929500175811e-01 -8.5390923185986470e-02  2.9803232556165077e-01 -3.8844598429837179e-01  3.0791113798813680e-01  9.2971861662601463e-02  2.4184923870216896e-01  1.7807345917732290e-01 -8.2133696477719245e-02  1.2070121540844325e-01 -2.5516392601129112e-01
 -1.8387102381058241e-11  8.2524334853390345e-06 -5.9493900012326575e-05 -2.2687824668436588e-05 -1.7402108737228666e-04 -1.5344331418007989e-03 -1.3616170222086941e-02  1.1135296651784421e-03  1.9906364005896661e-03 -8.3546861028366864e-02  7.5479420119333951e-02 -2.7685195377686839e-02  1.0075017492411878e-01 -8.3413364694384567e-02  2.3104049843705305e-02 -2.1306909989934048e-01 -4.0314197404354823e-01 -2.1440849993476693e-01 -2.6025260070397915e-01 -4.1280364251334406e-01 -3.2365539177668662e-01 -2.4944640174797286e-01 -1.2087700267345689e-02 -2.2729480214872499e-01  1.2918669068273883e-01  2.9028198550010081e-01  2.3164441966107538e-01 -1.5760804202869169e-01 -1.7965375249048399e-02 -2.7951671492434810e-01
 -1.1677857753881959e-10  4.8976306106724732e-06 -4.2456385401526056e-05 -1.7965784823331644e-05 -1.2453214747183353e-04 -1.5207167831289869e-03 -1.4566293388229666e-02  9.0654188555308358e-03  1.0216219268339294e-04 -8.1628272075831135e-02  4.1456456214725074e-02  2.1435002546419137e-02  1.5243169902979350e-01  1.0081881118006404e-01  2.3071414544006402e-01  1.9995820549674206e-01  1.3068823480472561e-01  9.9549110825263173e-02  2.1040550082834578e-02  1.1205866021031854e-01 -4.4606517829234804e-02 -5.6498215013028641e-01 -4.6359567895771653e-01  3.7246773705255892e-02 -4.2957727630883746e-01  2.3172219282323603e-01 -1.4703385439291916e-01  6.5209192694095711e-03 -1.5542717950115667e-01 -5.2027311280738585e-02
  2.4664428228947754e-09 -1.5429742477144742e-05  7.8153566310063319e-05 -1.8655769498155371e-05  2.7553464015621669e-04 -1.0097898852215743e-02 -1.1647465437729863e-01 -7.3599038164135877e-02  8.9024938407575083e-02 -6.0021227657972298e-03  3.0075027215145278e-01  3.7756232845945625e-01 -2.6775442932260846e-01 -4.1098184191443332e-01 -1.7290723807461716e-02  3.4446884847704329e-01 -6.6917327606707724e-02 -4.5427378282742270e-01  3.1714360012883684e-03  3.6315842526342859e-02 -4.8660779918112171e-02  2.4384835097312546e-01 -6.1958103126655867e-02  7.5222368235410439e-02 -2.9346393145350980e-01  8.1184213498928598e-02  2.5532436585734890e-02 -2.8842340565990766e-02 -4.3312812054082682e-02 -2.8682371878258665e-02
  3.7051170096953734e-07 -2.0071166786215628e-05  1.2870243404195582e-04  4.6308207481429747e-05  3.2363107603607577e-04  6.7375739937814011e-03  6.7735342342634758e-02  7.8827553621905064e-02 -6.2014471017843825e-02 -8.0174995522771700e-02 -6.1052433982471482e-02 -3.5029262181882070e-01 -2.9874559308911836e-02  6.8570562017785053e-02 -1.0044198223757435e-01 -3.6729983714397002e-01  3.4412555963671404e-01 -1.6565346994626035e-01 -1.6495642942210628e-01 -2.3693160253571238e-01  6.7353267860081473e-02  4.0297503529614903e-01 -1.5397785494514032e-01  7.7171299526959627e-02 -4.7501445427360361e-01  1.3705645528838950e-01  2.1937781332472977e-03 -1.1251229366392615e-01 -1.0811942218888942e-01 -8.5304448901531604e-02
 -2.5848157989710812e-05  1.4733045655081813e-04  3.8397336129696589e-04  1.3615234866572396e-03  3.6826146668395448e-03  1.0351220645939640e-02  2.9908603072073957e-02 -1.0193408947992277e-01  4.0610136898995577e-02  5.1462088077840673e-01 -3.4160185788600372e-01  2.4523096016525053e-01 -4.7862106678163269e-01  1.5383309285527663e-01 -1.5185502104166484e-01 -2.4850471833901339e-01 -6.5313860213341499e-02 -1.1318779722705322e-01 -4.2850053720653258e-02  3.6314768019111529e-02  2.8151484355630951e-01 -2.3633131644907115e-01 -3.5006176331970902e-02 -6.7896294825999431e-02 -8.3358594735763569e-02  1.8008247264967936e-01  4.8117875139887169e-02  5.0205845493364015e-02 -2.1840067735683286e-02 -4.3116188346275452e-02
 -3.5637988581174393e-04  3.9650611441812309e-03 -1.4164938218808647e-02  1.1937066187018640e-02 -8.7909645792032948e-03 -6.2859328741356841e-03 -9.7147717262184477e-02  9.3438970070772231e-02  9.3483137508727387e-02 -2.4247853172540404e-01  2.5690453124403939e-01  3.4525469813450627e-01  3.4942843498640236e-01  3.1889985262933018e-01 -5.5200097292669692e-01 -1.2028844936358234e-01 -7.1237166185011977e-03 -1.4410493860667939e-01 -1.6784271998690800e-01  1.3249965366637340e-01  3.3349503941844377e-01 -5.6505719490196948e-02 -5.1250594477982081e-02 -1.4820457082705815e-02  3.1545338134450540e-02  1.7640208519428626e-02  8.8597139550936257e-03  1.2640027943186171e-02  4.0236514034075769e-03 -1.6885532298082446e-02
 -3.4067033255324157e-04  2.8184710916850124e-03 -3.3883796192027346e-03  1.4953220703131523e-02  2.2794875308787415e-02  4.7740208850206169e-02 -1.0339642845189799e-01  6.8525184800128605e-02  8.7651106417254543e-02 -2.3943984460192019e-01  4.1363110452029378e-01 -3.2891653495961676e-01 -5.5253149565686244e-01 -2.0701989025011902e-01 -2.5467779853021605e-01 -1.3423957051266494e-01 -1.0059145443522691e-01  3.3316696436223558e-01 -1.2879566991484227e-02  5.8107314876639955e-02  1.3409345011943025e-01 -1.8376378935316298e-01 -1.5361719719556644e-01  1.0962119919676178e-02  7.4293866541706749e-02 -2.2026557306062979e-02 -5.7446700810463314e-03 -8.2621038143917795e-03  3.7085378148579407e-03 -1.3300153759327764e-03
  1.4079283134952965e-03 -1.2591444197228192e-02  2.3103138704686103e-02 -5.8739869472066199e-02 -6.6282604009774510e-02 -1.5508980339469633e-01  3.4692444530880551e-01  2.8958537770522985e-01 -4.6447326454924720e-01 -1.9484943164282767e-01 -2.7846712255093298e-01 -3.2984864709541151e-02 -1.8387988462582236e-01  1.4165922959160360e-03 -4.5329613948910391e-01  2.7326549638704384e-01  1.4781128020509016e-02 -1.3597096078885906e-01  8.2353025525644191e-02  6.4652564779803440e-02 -2.7172799610670884e-01 -1.1272513454842979e-01 -2.0248213489397635e-02 -4.9426736903077284e-03  1.4672972550873594e-02  2.5733910487422771e-03  1.7519275207379221e-03  2.3516253467065914e-03  1.5067496552683690e-03 -3.8899990593316142e-03
 -9.4490843654245962e-05  1.6258332724469555e-03 -1.7809111621765270e-04  5.1493515595433951e-03  1.0093599137307764e-02  2.5041925298102591e-02  3.4562910006525477e-02 -1.5372942023856204e-01  8.5013456703747214e-03  1.3904123933267520e-01 -2.9302225487290784e-01 -2.3155603479201031e-01  3.8166936039042870e-01 -6.6721276011664987e-01 -2.5506495744366448e-01  2.9185688621963524e-03 -1.2201145217055939e-01  5.3720440126392988e-03 -1.2661470202594188e-01  1.5867594784745886e-01  2.7389854212772297e-01 -7.2348531546130690e-02 -1.5028046407451978e-01  2.3366928070784630e-02 -1.5419186183937149e-03 -8.9122658081455287e-03  6.7215351463915745e-04 -2.1856826706138943e-03 -7.9198395465803167e-04 -4.5703382184948838e-03
  2.0519790153857307e-03 -3.2996915623263623e-02  4.4328975252964253e-02 -9.0704628589978825e-02 -8.7774884565067879e-02 -2.2056913713632351e-01  3.2337963378283624e-01  1.9129682249749302e-01 -4.4399833943666561e-01  5.0703477527575092e-02  2.5793028854303746e-01  1.2752523062055997e-02  8.0477832365501711e-03  8.3333571728934908e-03  3.8980005954999702e-01 -1.9994136542592217e-02 -2.9496704980090321e-01 -1.2214187842175234e-02 -2.1421772698237737e-01  5.9616555990370558e-02  4.7654208809327875e-01  8.5276758665201388e-02 -3.5837876689082900e-02  3.9550241181995393e-03  1.0293434742697865e-03 -5.1105444768515598e-03  1.1789360883716590e-03  1.8891361727189611e-03  2.0409570822935690e-03 -4.1924988771835127e-03
  4.1810470757207377e-04 -1.6781818663101546e-04 -1.8137669667131658e-02 -2.5793395592759859e-02 -9.3944996127133071e-02 -1.6794901016808900e-01  2.0573419997721393e-01  9.7853344377189094e-02 -1.2632443674401342e-01  1.7222535941278611e-01  2.3383376734377428e-01  4.4583237978193258e-01  1.0888847598168595e-01 -3.5796655419005224e-01 -5.2912411403072360e-02 -4.1100845638820649e-01  3.4222467344649415e-01  3.0875978196489690e-01  1.6545578830665764e-01 -1.2270017644296943e-01 -1.9995653381243639e-01 -6.5160614382061388e-02  1.3572184724458327e-04  2.8277658082825731e-03  5.7011424137440262e-03  5.6203503935664915e-03 -2.8391795941028145e-03 -5.4864696094209025e-03 -4.3974744123939742e-03  6.5677938853689506e-03
 -5.4270923498865959e-03  1.5290236604912699e-01 -2.6224720054702116e-01  2.1754886799847045e-01 -1.1600979157356414e-01  4.5963710098797100e-02  2.6828505751553533e-01  4.1291580572303566e-01  4.5026585252969709e-01 -3.7666345961348113e-01 -3.3615464047148869e-01  2.0653626543518905e-01 -9.8448485113696721e-02 -1.3894964283015587e-01  2.0573948522102753e-01 -6.5696392304478546e-02 -6.0728927769095442e-02  3.8950561875534917e-02 -4.8742688771690731e-02 -6.2520832422611004e-03  1.3480575580553519e-01  2.6879921467668030e-02 -2.9125075410599581e-03 -7.4879838751080552e-05  1.7618763941253974e-03  1.3192005735463178e-04  1.8042860396332036e-04  2.9528923683458537e-04  1.8200484579898585e-04 -5.8111428588957274e-04
 -1.4262554763434633e-03  1.3039098273015060e-01 -6.8587470017395430e-02  1.1910394086665951e-01  1.2453382791712603e-01  2.0857017765532659e-01 -3.1486872165087254e-01 -3.3271557229009968e-01 -5.1023080254823616e-01 -4.5671951599226829e-01 -2.5383205805062720e-01  2.7631815971592782e-01 -1.0528833051280076e-01 -8.7558308139453450e-02  1.2764240909948288e-01 -1.6701983678346849e-01  2.3839443119379453e-02  9.4065240893546426e-02 -2.2295088922450718e-02 -2.8111478354330428e-02  1.0806695507969249e-01  1.3559810737919854e-02 -9.6652656524903724e-04 -1.0367478671350931e-03  5.5156540235502668e-03  2.0700711130544431e-03 -3.2400583980037872e-05 -7.1397859401643065e-05 -3.2472335760446206e-04 -6.7418645053658692e-05
 -1.0580139826883819e-02  4.0829752804757102e-01 -5.2089878207251761e-01  5.0723730144166668e-01 -8.4293370802664358e-02  2.5590600883212705e-01  5.3424474964459283e-02  2.8285875042219188e-02 -2.1458800731816896e-01  2.9768960304920161e-01  2.2514083245190269e-01 -1.2410082159471204e-01  6.6473424577940310e-02  6.2200971039350017e-02 -7.9859864768202796e-02  8.3087636010658411e-02 -8.4462728533101772e-03 -4.7893681054057662e-02  1.1964325002484755e-02  1.4833888964371988e-02 -5.6404109447451417e-02 -8.0887157701197213e-03  7.9055167206012322e-05  5.1154490126583644e-04 -2.5585255504329638e-03 -1.0296515623769138e-03  2.4704454183352124e-05  5.4907374205988409e-05  1.7769860136611408e-04 -9.4935055970954662e-06
  1.8978353864137786e-02  5.6212556367872202e-01  3.6072662882935874e-01 -3.5415332208391176e-01  2.4415426960090891e-01  5.1545638040610198e-01  3.0251745415953551e-01  3.9664367954573766e-02  3.7475704601072066e-02  1.9994090943404583e-02  7.1895214878115912e-02  4.8614857666811243e-02  1.7117436831123434e-02 -6.4176563702315597e-03 -3.0159912527405615e-03  2.9122298787128118e-03  1.0369968444844521e-03 -2.1719812315097696e-03  1.0517830811198523e-03  6.4584003189063961e-04 -3.6846372149976678e-03 -7.4072452900220132e-04 -8.6781154053239459e-06  1.3680358356102101e-05 -7.3521886062702407e-05 -3.1935422694598404e-05  4.8851013543900223e-07  1.9081797838592610e-06  5.8697356130328549e-06 -1.5376002348663192e-07
 -1.5753673929713070e-02 -4.9913623541833629e-01 -1.2351881153266842e-01  2.1051880296272224e-01  7.3416519946589498e-01  2.3928917376371586e-01  2.9211757647481373e-01  4.1629096380627569e-02 -1.3025207141826867e-02  1.7231224117057027e-02  6.4191152807543353e-02  5.3043906453845442e-02  1.4371800869178686e-02 -1.0024722354144512e-02  6.3312503871314760e-04  1.4432977636313594e-03  4.2791925471416970e-04 -1.0900620258852383e-03  6.0823014458247617e-04  2.9692568858886835e-04 -1.9999943240061693e-03 -4.2304119459845403e-04  1.4669796193760673e-06  4.4688746717588973e-06 -2.5490870215787289e-05 -1.1829962916591406e-05  1.8683393551275782e-07  8.3027964212711166e-07  2.3038357270358718e-06 -2.1965012786502458e-07
 -1.3302689064652123e-03  6.0208230914538155e-02 -1.1371966298298650e-01  3.3279866522249790e-02 -1.0083583048172789e-01 -2.0102445709004116e-01  5.6357792976017618e-01 -7.2237926419810106e-01  1.6329114295822736e-01 -2.0679206643668474e-01  7.9921298350949924e-02 -2.1071748141180402e-02 -5.1743378722673032e-02  1.0348755330064607e-01 -4.9116480086652578e-02  9.4687257801609297e-03  4.9099609235079937e-03 -6.9891424580304957e-03  1.6080858780877052e-03  2.6103795620102000e-03 -8.4383309889222297e-03 -1.2382740729519710e-03 -1.3909514405435557e-04  9.3335983482073246e-05 -4.7115464745808015e-04 -1.8979675846093495e-04  2.9133030989479211e-06  9.0109827361487193e-06  3.2378634250740768e-05  1.9596395725978441e-06
  1.4122831555340920e-02  1.7580156615821962e-01  6.5601630267413824e-01  6.8280814946524615e-01  1.0868857097313445e-01 -2.4385132267811099e-01  1.3855143446065584e-02  1.1502477489068748e-02  2.6154106933475064e-02  1.0004484964089783e-03 -3.5935899656858272e-03 -3.2237717442608190e-03  6.2361592828908048e-04 -3.8387909931964425e-04  3.3751888018218476e-04 -1.5357359306805794e-04 -9.6317849983422249e-06  5.6718393484234123e-05 -5.5332759345745840e-05 -1.5274055918515932e-05  1.5806694621986695e-04  3.7959083974200213e-05 -8.9469431952608305e-08  2.9394340080963397e-09 -1.2055359139595212e-08 -8.1185594224465037e-10  1.4759059369666866e-12 -7.0606091659298337e-10 -6.5471032287678774e-10  9.5447757526460127e-10
 -1.4810391349236638e-03  4.3790871626983102e-01 -2.5062621896361770e-01 -1.7700476029193099e-01  5.6716392756537681e-01 -6.0162465201384152e-01 -1.5234111484888654e-01  4.1857774112265059e-02  5.0572342959020196e-02  1.3284576855523587e-02 -3.7895520497641368e-02 -3.6491086588299734e-02 -4.9761769840761928e-04  7.2057375960313057e-04 -2.2737386099646250e-04  8.1377830982837110e-05  2.7132882900995759e-06 -2.6962402016321580e-05  2.7146177506674219e-05  7.5492344179245046e-06 -7.7431068019247093e-05 -1.8629641997915689e-05 -1.1528928274711253e-08  8.3679105839401963e-09 -2.4468326725024643e-08 -1.4941535013980663e-09  2.0320079203803428e-12 -1.3300653839197986e-09 -1.2278098723598557e-09  1.7904638722091402e-09
 -9.9951897387335353e-01  1.4869093881355063e-02  2.5745890443578050e-02 -7.1867362406420913e-03 -5.0800387002248870e-03 -2.8501070814825367e-04  5.4290610043808245e-04 -1.0563665353674088e-04 -1.3482584666274435e-04 -3.3253086103467382e-05  9.5659927896929025e-05  9.2152061668308990e-05  1.1366910988730912e-06 -1.7515827243583181e-06  5.4248449128619979e-07 -2.0057103427353168e-07 -7.1855612643511143e-09  6.7620869390142060e-08 -6.7662396879475230e-08 -1.8790791255275142e-08  1.9305657200452558e-07  4.6433460236303482e-08  3.2988875825538268e-12 -1.6166264873518200e-11  4.6416561000711296e-11  2.8184898401148661e-12 -2.6776139709868123e-15  2.5121445762221481e-12  2.3190301676815819e-12 -3.3819032954919002e-12
-382.6205211774271
 68.151826670883     -58.68087861619729    70.35559123342637   -72.94394920851377   -14.547566017189439   54.881088831946016   36.19691807133617    35.34833308127618   -35.62474989104217   -12.60577936316885    14.327989391367325  -17.737982563898328    0.9560371927693581   6.455917385711473   51.883200828301256   35.9964673641326     25.678121940292385  -74.25857186319718   -55.13836618781477    61.84429371823242    42.52081767988767   -51.138493116715686  -69.57503795923873   -53.96292818664881    53.98489468387126    75.69704033248868    40.81678969633097    45.53673377452151   -75.29849961401351    59.942109027598576 
