500000
1.e-08
30
1
-100
100
 47.77537037686933   43.84565986320128   73.35318683224929  -60.04487478768061  -25.239081092635978 -17.274677742765917 -63.384857472318586 -67.08689919419112   21.741569300174064 -40.995940829676925 -32.02203207764862   53.735079041288515 -15.858672200024117  77.4793348067455   -21.79878230702858   14.856021980595173  23.00152901318151  -39.3646066260287   -36.95683555576474  -50.47860289659843   75.02695563831381   49.83844875318459   12.804069191398156 -57.652541694748564   1.369623745239977 -79.5623790613436    35.60248394392775   43.66327838505923   64.60077662652526  -42.69688818650778 
-234.28042789139022
9.9999615223961897e+04 9.2995462850531276e+03 3.4527703397353253e+02 8.9220010491851732e+04 6.2403077097227913e+04 1.5298615440708243e+00 1.7009641011793303e+01 2.1813987597991872e+01 8.9325290038583204e+04 3.4402398666785484e+04 9.9896126802910308e+04 9.9999998127582352e+04 4.9818487597489802e+04 7.0067177420555468e+04 9.9967332491211870e+04 5.6933363647080369e+04 9.4810272568250701e+04 2.4944197680872065e+04 3.3619450887433473e+01 1.0794974117018975e+04 7.3300093752313231e+04 2.3975971654152509e+03 9.9959552368527409e+04 9.9999652478383505e+04 1.0000000000000000e+05 8.6663813933064288e+04 9.5763970695097742e+03 1.0000000000000000e+00 1.1856467708918160e+04 4.3113437765589289e+04
1 1
10 10 10 10
0.1
 1.4239736083942494e-09  9.0640473690733327e-07  5.4091235933891061e-07 -4.8948146471769312e-06  5.5948209072999775e-06 -3.5042907837926795e-06 -5.3827764063357666e-04  7.7490204006322493e-04 -5.6723653179827993e-03  5.4867222805013134e-04 -3.4223271109754275e-02  9.3451666764136881e-02 -1.9044388624296466e-01 -2.2591387844317418e-01 -1.8990447988127523e-01  1.1842627805323826e-01 -6.8730185128318078e-02 -1.4065536752033331e-01 -5.2460920491855889e-01 -2.2907500995334226e-01 -3.8267595451125996e-01 -1.2734387502166700e-02 -1.3197751105422428e-01  3.5594619545476902e-01  1.4447449969875767e-01  3.7033913903840213e-02 -6.3812940380755537e-02 -5.7920461537663497e-02  2.8895809646529425e-01  3.1077795267206060e-01
  1.1330841076063118e-08  7.2438295824858199e-06  4.3165088254865893e-06 -5.0499180512175634e-05 -1.1528429467398354e-04  7.0176853911499697e-05  3.6447218368719535e-05  3.1283183670351936e-04 -1.1280288931003548e-02  1.8554778876464192e-03 -4.9983340252594079e-02  1.2972802480808021e-01 -1.8005105288568807e-01 -2.1987692588834717e-01  2.5321373415144253e-02  9.7338856874930088e-02 -1.3841580126968325e-01 -1.0836192975321790e-02 -3.9551202654771404e-02 -1.3035364774126326e-01 -6.5577491054578149e-02  4.0364617134793522e-02 -6.6469027728017438e-02 -3.4472477774084032e-01  2.9253912472319135e-02  1.0710493846889102e-03  8.2876045252197850e-01  1.4541296401895193e-01  4.7097548659176709e-02 -1.0761761483488669e-01
  1.2093704490167325e-08  7.7343805436841928e-06  4.6082579121705427e-06 -5.4793696935423891e-05 -1.3786767172119889e-04  8.3960588103033546e-05  4.7283171331381703e-04 -2.5692207584619437e-04 -9.6821727194584782e-03 -2.7668651046509939e-03 -2.9147259045527976e-02  7.4764308542283012e-02 -1.0450060412640969e-01 -2.0297696479439223e-01 -1.1035119288717768e-01  9.2409211721614509e-02 -2.8288773167821935e-01  1.0286194368890170e-01 -6.4765865977363779e-02  2.4509653663962425e-01 -3.3363344438072512e-01  3.3112569175131217e-02  1.0050620571844618e-01  1.3032319359812777e-02  2.5128310774577278e-02  4.5337700300727818e-01 -1.2877847069785872e-01  1.0562600677695917e-01 -6.1823457563052087e-01 -1.6411347542119015e-01
 -2.5385072140881453e-08 -1.6206130286366917e-05 -9.6612378264272186e-06  1.1437258148311163e-04  3.0952006584899767e-04 -1.8819505960392994e-04 -1.6957962103408516e-03  1.5412705483694815e-03  2.8269582360159109e-03  7.5195830620440321e-03 -3.1268296253925243e-02  9.1238136209740417e-02 -2.1835030775956699e-01 -1.4774845390031807e-01 -1.3839950150729341e-01  9.3077267956159435e-02  1.9411903613513637e-01 -1.6265318162448847e-01  4.6424299715067008e-01  9.5692561307938642e-02 -3.5003583925441012e-01  2.6111573120535914e-01 -3.2356690252962000e-01 -3.1777507667224336e-01 -2.8214853807038814e-01 -5.1927798949668584e-02 -1.7305489629193233e-01 -1.3964098824844515e-01  4.3672938738201918e-02  2.7284527106123796e-01
 -8.1761340077377531e-09 -5.1574590675778501e-06 -3.0864330992462267e-06  3.4723366745245256e-05  8.6929405506634734e-05 -5.2602991700089271e-05 -2.6652785841169564e-04  1.5330297705787917e-04 -8.6933671831978740e-03  4.1203871904101248e-03 -5.1815591043427221e-02  1.3715335153044858e-01 -1.9616362960019623e-01 -2.2056180750859972e-01  2.5140729975880793e-02  1.0237071456610951e-01 -1.3638103482869959e-01 -3.8765658514721843e-02  1.5869556106739363e-01 -2.9368306175719272e-01  4.0836039837338334e-01  5.7533855088619322e-02 -2.6276661487040165e-01  3.0791075452149774e-01  8.5528776106994497e-02 -1.9180203059815379e-01  3.2704262884028196e-02 -4.4780865422051874e-01 -4.1068950033065599e-01 -1.8451495531653046e-02
 -2.7435504370339691e-08 -1.7552181293815217e-05 -1.0456656124498257e-05  1.2530138873440629e-04  3.2269525172669414e-04 -1.9661827692764750e-04 -1.2562248702618784e-03  8.2864568179720336e-04  1.7000453117437635e-02  2.6754250981585611e-03  4.3961767301468363e-02 -1.0626846589481054e-01  7.2262915270349323e-02  1.5399880205703301e-01 -2.0424508154966634e-01 -4.5277049874751264e-02  3.9063323449130194e-01 -2.5510066163488682e-01 -7.7567537824835761e-02  6.0615935625276028e-02 -3.3181443512210063e-01 -1.3817730963750224e-01 -2.5098947671584201e-02  2.7102701909327614e-01 -2.6309025971023198e-01 -1.4128169600366022e-01  2.4787871115914920e-01 -2.6826690193084463e-01 -1.4595020823994237e-01 -4.8912332426568961e-01
 -1.4711849743926141e-08 -9.6233195745983101e-06 -5.6930314301787513e-06  8.3083105817785189e-05  2.3549294583393351e-04 -1.4586883072347087e-04 -7.1875714742443224e-04  2.8613416869980527e-04  1.2665108440827657e-02  3.0175892640791364e-03  1.8499874794559078e-02 -3.4676584536422007e-02 -4.8459568499975084e-02 -2.3007562289758577e-02 -3.3116331183030595e-01  4.6150040160450219e-02 -2.6690050220633821e-01  2.3010793221059683e-01  2.8211758683760735e-01  4.5527580905230086e-01 -3.6235963262106013e-02 -2.2383058133891798e-02 -1.8053911449476046e-01  3.8854907771083758e-01  1.4903062702523304e-01 -3.8569408676935063e-01  1.1514501545182307e-01  2.8279402126554792e-01  1.4461907436433463e-01 -4.5410894423875525e-02
  3.6743474757172981e-08  2.3183398285658114e-05  1.3873246483928272e-05 -1.1373647781368910e-04 -2.8034171219861614e-04  1.6166096756328106e-04  3.5467115725040092e-03 -4.4146711424186179e-03 -5.6724832564715852e-03 -1.2487318824802368e-02  6.7387878217052468e-04  1.0032333456147621e-02 -2.3488265605905150e-02 -1.3458317988177887e-01 -1.4224596360510572e-01  8.0880172806351930e-02 -7.6245806328894009e-02 -2.7900263688218990e-01  2.6747896518887715e-01  2.2612889997309779e-01  5.9221763414689391e-02 -2.0926303329404938e-01  2.0555448121984915e-01 -8.3704144945928705e-02  4.5281137204783750e-01  3.2386351114872042e-01 -8.9101060463583903e-04 -4.3520015870856016e-01  3.5186888077801959e-01 -1.6795513168378715e-01
  3.5750922171393526e-08  2.2079802193448898e-05  1.3303783307424909e-05 -1.2314997425098528e-04 -2.5319061683964710e-04  1.4862643750461444e-04  1.1787184098738248e-03 -1.0388240005806914e-03 -6.6794496574277510e-04 -4.3467526580561258e-03 -2.3630860063543276e-03  1.5810285672680380e-02 -8.3970417666348413e-02 -3.0056540514248099e-02 -5.2048161863775602e-02  3.4034639873251817e-02 -2.4918806030313390e-01  1.4206908939355045e-01 -2.4638281923772890e-01 -1.0794025065308024e-01 -8.1347833437426298e-02  2.2752874680175239e-01 -1.3481345330548755e-01 -3.6920687673039493e-01  9.5427334294777511e-02 -3.2167098233381802e-01 -3.5121224684059882e-01 -1.0882558491901489e-01  1.6603823368249665e-01 -5.8741068286652665e-01
  8.8209746421083317e-07  5.6980684733805742e-04  3.3855716300920793e-04 -3.5399883959340381e-03 -8.1773077846844372e-03  4.8978883628639086e-03  2.6244106968726966e-02 -1.4831834548351101e-02 -3.4843978876520909e-03 -6.3217530693095658e-02  1.5199656101185927e-01 -3.1183285324614796e-01  1.4209382392102338e-01  4.3191691639493074e-01 -1.2386944744638344e-01 -9.2442912831152066e-02 -4.9791354234331925e-02 -1.7148614881823961e-02 -1.8040077532877991e-01  1.4274894165969931e-01 -1.7160462214028629e-02  3.9105175026246874e-01 -3.4785102090578163e-01 -1.1806307136369176e-01  3.6274621844314020e-01  1.1651087659327392e-01  1.8829352530368332e-01 -2.2223013139063338e-01 -1.6702547659174174e-01  2.0556269284639661e-01
  2.5230660867684448e-06  1.6513482186119263e-03  9.7723966520363043e-04 -1.0768071532511820e-02 -2.5341263002498639e-02  1.5285837488801086e-02  5.4515641116725154e-02 -5.3216539587330079e-03 -9.2263366615244258e-02 -6.2314321986761421e-02  4.8712624252753980e-02 -6.3276732555312729e-02  9.8698540753683117e-02 -1.3881812378881933e-01 -2.8725311653980079e-01  1.9489936383082482e-02  4.4566791060002781e-01  4.9461461282779212e-01  1.6153304518443237e-01 -3.5067172488782822e-01 -1.6649192007825661e-01 -1.7864519175593682e-01  5.3509537606026641e-02 -1.2084997878441815e-01  4.1344024188534539e-01 -5.6752395874777324e-02 -2.3297339253419837e-02  3.5892965075977709e-02 -1.3795026671670024e-01  2.9697655681520940e-02
  2.8961675694274762e-07  1.6003461808052917e-04  9.9580978883301923e-05 -4.9563834202012442e-04 -1.3067461098065765e-03  6.8140584939960485e-04  2.0355425603155279e-03 -4.0500443038482611e-05  5.4284309140365319e-02  1.8543367731071285e-02  7.3580370994199396e-02 -1.2130939573937795e-01 -1.4221760173074466e-01  2.3371134401190818e-01 -4.2759463554547705e-01  1.6031956003025864e-02 -2.9544761202025988e-01  1.2131657362745768e-01 -9.9662853046873862e-02 -7.0758963234300892e-02  1.2112820784834587e-01 -5.8348033852605474e-01 -1.0830781154897223e-01 -2.7132853592825501e-01 -3.2239634374923826e-01  2.6479384169959819e-02 -1.6836805458427875e-02 -1.6297945986912449e-01 -3.7899892804467275e-02  1.6820022998693668e-01
  1.7410482301011268e-06  7.9500943512209011e-04  5.2771170773258146e-04 -7.5201759312814556e-04 -4.7176841195401822e-03  1.9714227926776219e-03 -2.9531390416618914e-03  1.2380405367903387e-02  1.0405896517486447e-01  8.2059734798059308e-02  2.0748257709652558e-02  6.2094803761608412e-02 -3.5924450696413790e-01  3.8116702259041424e-01  2.6527877454624998e-01 -4.8973032599628928e-03  4.0324890575224315e-03 -3.2658896808227222e-01  1.6529398301589521e-01 -1.7384529581988031e-01 -1.6615474507292813e-01 -3.2465853889449825e-01 -2.3566102022848018e-01 -1.2413802028996584e-02  3.5878405226096843e-01 -4.2514730695747779e-02 -1.1288594444246364e-01  3.3357981160651140e-01 -1.2661264455454022e-01 -9.8568049067496569e-02
  1.1885219476791817e-05  6.7891630681754809e-03  4.1826365921867909e-03 -3.2102536098473064e-02 -8.3860677396159919e-02  4.8178135807570431e-02  1.7100058720714356e-01 -1.9558455102306190e-02 -1.3680444289603078e-01 -1.4472548907726951e-01  2.0369846946476103e-01 -1.0527597443735402e-01 -8.8345688855664808e-02  1.8890740145325929e-01  4.5967964471347572e-01  1.5988522312425821e-01 -2.1464069995170351e-01  4.1994937504959196e-01  2.0326081225092657e-01 -1.0952071203961102e-01 -3.2441897568423939e-01 -4.6351523463974857e-02 -1.9268286880479414e-02  1.9862749210783201e-01 -1.4558621538071559e-01  1.3663207243677328e-01  8.3603369956628509e-02 -2.8178987033449848e-01  1.9137356972294689e-01 -3.8613606064639101e-02
 -3.7837006254454461e-06 -2.4392776394190048e-03 -1.4500519053849143e-03  1.5560317490516765e-02  3.6547713526762393e-02 -2.1974731637980523e-02 -1.0139071157764626e-01  4.1614371559905897e-02  1.8172420539676054e-01  2.1429487157088298e-01 -1.2186806656825458e-01  1.5338407707519597e-01 -4.1951742206331237e-02  2.3677793055794738e-01 -3.1595345055932172e-01 -1.5810793566336026e-01 -3.0882520902593698e-02  1.4123612110120359e-01  2.0562493212516103e-01 -3.5122703968493629e-01  1.0512428645126069e-01  2.8023254820114357e-01 -1.0933788835298042e-01  2.1045989652661207e-01 -1.2470187458542265e-01  4.7144930747956981e-01  1.6904787272327380e-02  1.2924288176349888e-01  2.2244249073711284e-01 -2.2200974906306264e-01
 -7.5699557073232821e-07 -9.8929440099838027e-04 -5.0237608190325514e-04  1.1809495347505458e-02  2.3318819240834857e-02 -1.5130361838437240e-02 -8.6259793362194942e-02  5.1221450813803325e-02  1.9799035682913124e-01  2.4041981071155838e-01 -1.2262353932130127e-01  2.1959083973945645e-01  3.4342315364188025e-02  2.7337330767504664e-01 -6.9921512953515952e-02 -1.2140721547681563e-01 -2.4374509578771442e-01 -7.5301388386120188e-03  1.1586004672554642e-01 -1.2613440804836751e-01 -2.8457981501900337e-01  1.4374236857787920e-01  5.5580617896765594e-01 -2.9681249355932752e-02  8.9994366904449036e-02 -3.3743207001906217e-01  7.3678876996376166e-02 -2.1704186332034195e-01 -1.2516741610738141e-01  2.0690514352743483e-01
  1.6090171491788716e-05  7.6490520925683479e-03  4.9994615228661082e-03 -2.2555108083539190e-02 -6.8753324325865992e-02  3.6035345711022404e-02  1.0563351226438608e-01  9.3160068072145833e-03 -3.5615716855743378e-02  2.2375483021116891e-02  6.8016977617549421e-02  7.7097056731063471e-02  7.5666020095722575e-01 -1.0165656364651739e-01 -2.7165998772588990e-02  1.2552542117099894e-01 -3.1465374495346554e-01 -2.6150747785735035e-01  1.7448717351775167e-01 -2.6671290373475642e-01 -1.6163514309796967e-01 -1.1294036044949211e-01 -2.2249188792732591e-01 -1.4985286182226960e-02 -1.3105148791934593e-02 -1.4905771048179721e-02 -2.3936257275656653e-02  1.0446841436255058e-01 -2.8225760199514376e-02 -1.3178780215657356e-02
 -9.8172617430090570e-05 -4.4556532915702822e-02 -2.9519863734916343e-02  1.2143898802897328e-01  3.6553416655172655e-01 -1.8686573664903827e-01 -5.3757865195045951e-01 -3.7655652381564139e-02  2.6386592636257866e-01 -1.9208025912720750e-02 -3.9682984845222008e-01 -3.1417575196930181e-01  1.3441129998407647e-01 -1.6835324647514693e-02  1.6333778484666803e-01  3.3126164287879639e-01  2.8406865189745320e-03  1.1510445320549892e-01  2.0455944870136890e-02 -5.0144068096781022e-03 -8.3055830208567577e-02 -8.5409037212092004e-02 -1.0262260934555376e-01 -3.5240282746137885e-04  1.8172722317952784e-02  9.8558059794793037e-03  1.0722271857849887e-02 -5.8335032229611866e-02  1.1199315782906899e-02  4.3912725893275727e-03
  1.7060055035587073e-05  6.2649980899160676e-03  4.6195392894497721e-03 -8.6655453009752414e-03 -5.3620029654057447e-02  2.5626585969965681e-02  3.6513561258102394e-02  6.6348638376371935e-02 -1.5603053895471900e-02 -1.9629283049319668e-01  2.4552157242631573e-01 -3.7858095059907448e-01 -1.5199355382733887e-01  7.8613036466798930e-02 -2.1398834653380552e-01  5.6344054381794695e-01 -4.0378154722342366e-02 -2.3437693745500715e-01  9.5672366605987186e-02 -2.2729339483814551e-01  1.1292346036002721e-01  2.3842388729389047e-01  3.4376083634310045e-01  4.1881588129441226e-02 -6.2904748178435707e-02 -3.6543773401146215e-02 -3.1081866775926646e-02  2.0291068240172860e-01 -2.7840843286223462e-02 -2.3916985802472160e-02
 -2.5655703052217640e-04 -4.5248958905773774e-02 -4.8064252133897686e-02 -7.1618294535653361e-04  1.8044972397304201e-01 -4.1332279021553057e-02  1.6922020094285489e-01 -2.2914200705231244e-01 -3.6236990480253201e-01 -3.9480274937865503e-02 -2.6413515069636917e-01  4.8943369892818073e-01  7.8163327871704144e-02  3.7175876657663848e-01 -8.2118787440700947e-02  4.8425887110949051e-01  1.2795940866295891e-01  5.2879626702675667e-02 -9.6994142032806735e-02  1.2270148003141723e-01  8.7605398023955450e-02  1.0637517625240893e-02 -1.2334683690447166e-02 -2.1973815118837382e-02  1.0633204418684211e-02  1.3513383810187001e-02 -1.0688669117875885e-03 -1.0838345142187648e-02 -2.5631748709884165e-03  2.2559227326029827e-03
 -6.7853785375115286e-05 -5.2655521496080736e-02 -3.0117934957043443e-02  3.2654132370796278e-02  2.7556592278757103e-01 -1.0683334813131144e-01  7.3175332379077362e-04 -4.5416392894683438e-01 -4.2881691571089298e-01 -3.4254878272285522e-01 -2.0605251355062068e-01 -2.1134495894298538e-01 -8.4380524214978089e-02 -1.9817352956968036e-02 -8.4698128685311264e-02 -4.1068853541891071e-01 -1.8371089120557940e-01 -1.4961533306005398e-01  1.3290752330562047e-01 -1.8228981446080167e-01 -7.5000317230208335e-02  3.3220755636161586e-02  9.9056811942447476e-02  3.6682707326120119e-02 -2.3196619423183740e-02 -2.3933860961882845e-02 -6.8163189259870666e-03  6.1534817818965977e-02 -5.5795648526154795e-03 -7.0042642369040724e-03
 -1.0077309499026657e-03 -8.6300105500563398e-02 -1.3398031255031023e-01  1.9915750323517392e-01  5.0954645229670126e-01 -2.1549969709911537e-01  1.0451752674993521e-01 -2.4700709989881700e-01 -1.9548924643215615e-02  4.9357465472952622e-01  5.4490910888982358e-01 -1.0974663701859212e-02 -1.0129789088827949e-02 -1.1221717364706706e-01  3.3723533477192300e-02  3.4245851498524271e-02  1.9730655746733518e-02  1.0802688170764008e-02 -7.4638013947638440e-03  2.9791945782001216e-03  9.6824074841621484e-03  1.2459188359423477e-02  6.3694372481748239e-03 -1.2351119475277185e-03 -2.2385394127035566e-03 -7.8478239544276050e-04 -2.6622223387728872e-04  2.3264089746560259e-03 -2.1017408791704006e-04 -2.4692781462544780e-04
  3.0780764869664922e-03 -1.4857614869616925e-01  3.0345406311757162e-01  1.0872035064480333e-01 -1.9940479126221156e-01  6.3578231962670984e-02 -6.7345184240277389e-01 -2.2150700067108486e-01 -1.2508706377885764e-01 -1.8145826302615398e-01  4.2943934236926989e-01  3.0134831429964570e-01  2.5273724754316849e-02  4.9960074881427716e-02 -2.1285875885875043e-02 -4.2899368988207898e-03  8.6530470604853985e-03  6.5461661655260607e-03 -4.6126574693346658e-03  6.2153721751293930e-03  3.3406079651816765e-03 -1.0283011208811435e-03  7.9558241982287479e-04 -4.1470268465881594e-04  1.3230168397009049e-03  1.0626608666379771e-03  8.8172108756946071e-05 -1.1434878675185105e-03 -1.3809882831695636e-05  1.6789652165718989e-04
  1.9048367440719172e-03 -1.3491185782078965e-01  1.6283046810753393e-01 -7.5889713361476263e-02 -1.8182379412458602e-01  1.6385026555377130e-01 -1.9063704304231879e-01  1.5674532605836958e-01 -5.9267882887397316e-01  5.9872879242821730e-01 -1.8578310120301095e-01 -2.8073548344544813e-01 -3.7497541293930362e-02 -1.0038562592583717e-02  2.5052984172984585e-02  4.6410873166899728e-02 -2.5371543023477511e-02 -1.8883918393073535e-02  9.8016785539899749e-03 -9.0691834121099241e-03 -9.2161333040436146e-03 -5.3702397854380702e-03 -6.9350482904863443e-03  5.2223237450657947e-04 -9.2285044891340993e-04 -1.1544326280094987e-03 -9.2295999803333978e-05  4.4100808394606251e-04  1.4509241511503239e-05 -7.6999292641651050e-05
  1.9868912867065424e-03 -4.3010953813673043e-02  1.9150080746023232e-01 -2.1196292723969393e-01 -2.9514594929624449e-01  1.8036610675061565e-01  1.3994493164596811e-01 -7.4679381543593237e-01  3.3499757053243295e-01  2.3071395255719843e-01 -1.2201954449635612e-01 -1.4553465607548127e-01 -2.4508734048447021e-03 -5.1930601694130954e-02  2.3832343992339723e-02  1.0916566392494757e-01  3.6790026358727378e-02  2.3753453082245898e-02 -1.6993482289809712e-02  1.5406777158093833e-02  1.6793658945247997e-02  1.1808513999466886e-02  5.6979864313579168e-03 -2.7967557604583345e-03 -2.9392729318015841e-04  1.0653806616580793e-03  6.3399721641484993e-05 -6.4898852141317986e-04 -1.1784232951163323e-05  1.0896124540836864e-04
  4.8283514097304751e-03 -6.9671608971719134e-01  1.7040225911057294e-01  2.6749178845152310e-01  2.3443245592369097e-01  5.3044644290614629e-01  1.7823088339982468e-01  1.1287923866105881e-01  1.3405044388085391e-01 -1.0349403498998894e-01 -6.0414911591875613e-02 -6.6891953068851304e-03  1.2137030572673489e-03 -9.5564347292699473e-03 -1.5639256985513525e-03 -2.5746751757174981e-02 -7.2058173139273205e-04 -5.0185078933787683e-04  2.7620644329145230e-04 -3.2902036303136752e-04 -3.2901912293087376e-04 -1.2137179018694397e-04 -3.8098802833063126e-04 -1.5383892505342186e-05 -6.4361541510526391e-05 -5.7249734437699188e-05 -5.2830717476398008e-06  1.7773330443651572e-05  3.1042253863913585e-07 -3.1012268799805879e-06
 -4.1165758666605347e-04  2.9005274188321667e-01 -2.0954666217881091e-01  8.5445995104536177e-01 -2.8300991323266456e-01  1.6791739043192405e-01  2.9930197174663144e-02 -1.2714483142820307e-01 -3.5296369937709585e-02  5.3089882310829881e-02 -9.9861530912606369e-02 -4.4843288445245238e-02 -3.5979008914967274e-03  9.2628502764951961e-03  4.5784360036211754e-04  1.8926208891814469e-02  3.2874186802964048e-04  3.6700193038660298e-04 -1.0203829832792024e-05  2.6376788556481709e-05  1.4441988270272073e-05 -6.0907296610640913e-05  3.2770618913766515e-04  8.0529618014393853e-05  7.4862634895751874e-05  3.9397618402213649e-05  4.2731032351505116e-06  1.9712355576692293e-06 -1.4112204873935608e-08 -1.9066300644814847e-07
 -2.9223919586007199e-03 -2.6649836111536102e-01  5.2639505565313283e-01  2.7322732251494247e-01 -2.1434278964771258e-01 -6.7698839725722493e-01  2.4066442610186001e-01  7.2221616901755381e-02  2.9538594314963973e-02 -4.5497347050289863e-03 -8.8639064559002279e-02 -3.2482878820191442e-02 -1.7290723810718688e-03  2.5194921786927350e-03 -8.3595455011719385e-05  4.3611596847903771e-03  1.9855037767412819e-04  1.8523870630714255e-04 -4.2524241988206926e-05  4.4406198692394374e-05  3.9488504830140255e-05  1.7994982269199638e-06  1.2159079095296201e-04  2.1480041312707305e-05  2.6025923117559110e-05  1.6294832718492424e-05  1.6694411156983048e-06 -1.7929940032424344e-06 -3.9755313896704360e-08  3.4864817624244109e-07
 -2.8979905942061895e-01 -5.2772043418560011e-01 -6.5761217157925556e-01 -5.7370937461600588e-02 -3.5828371539720921e-01 -2.4966438520268369e-01 -8.7552746433731343e-02 -5.8432254108400535e-02 -8.5300294329031137e-04  3.4791765361963313e-04  1.4263840329357530e-03  4.8401184865877879e-04  2.0735049673055414e-05 -9.0925718524522850e-06  5.8088698524962028e-06  9.4512470386083839e-06 -1.5898135986602097e-06 -1.7514077966221467e-06  1.8272812611677654e-07 -5.7426001869465236e-08  8.6179221622604518e-09  1.0992976628234060e-07 -8.4318466312894730e-07 -2.2127210326205275e-07 -2.0768697936799272e-07 -1.0658042181293325e-07 -1.1737531153972835e-08 -3.5910264186254958e-09  2.6398162565408486e-11  2.2327696224703056e-10
 -9.5706130177145243e-01  1.5624431108743603e-01  2.0032499308911164e-01  1.7052896750624536e-02  1.0818631306787972e-01  8.1441236716210771e-02  2.4312508198873328e-02  1.6504627093243386e-02  9.0680535198802057e-05 -3.8292996324186001e-05 -1.0369965597713223e-04 -3.3872644060326071e-05 -1.1087136032326964e-06 -9.3943757970040403e-07 -7.2626970013534658e-07 -4.9143117551870936e-06  1.2281465516622423e-07  1.3045902435645071e-07 -2.2962263740411324e-08  3.2254809745673616e-09 -7.4431721876109509e-10  4.3206220298903631e-09  2.6766616564609743e-08  7.2991995001881071e-09  7.2092162251260211e-09  3.7118145225027703e-09  4.0909904502497692e-10  1.2431863065361950e-10 -9.1043974175570244e-13 -7.6034699822507830e-12
-234.28042789139022
 47.77537037686933   43.84565986320128   73.35318683224929  -60.04487478768061  -25.239081092635978 -17.274677742765917 -63.384857472318586 -67.08689919419112   21.741569300174064 -40.995940829676925 -32.02203207764862   53.735079041288515 -15.858672200024117  77.4793348067455   -21.79878230702858   14.856021980595173  23.00152901318151  -39.3646066260287   -36.95683555576474  -50.47860289659843   75.02695563831381   49.83844875318459   12.804069191398156 -57.652541694748564   1.369623745239977 -79.5623790613436    35.60248394392775   43.66327838505923   64.60077662652526  -42.69688818650778 
