1000000
1.e-08
30
2
-100
100
 84.17022004702574  80.00114374817345  81.46755890817113  81.8626021137767   83.9676747423067   84.19194514403294  82.04452249731517  80.27387593197926  84.17304802367127  81.40386938595233  88.00744568675536  83.13424178159242  88.76389152296038  80.85044211369778  81.69830419564569  80.9834683383305   89.57889530150501  86.91877113950473  86.86500927681584  80.18288277344192  89.88861088906495  82.80443992064406  81.03226006577643  89.08595503093096  82.87775338586349  80.19366957870297  82.1162811600006   84.91573159280338  85.74117605492013  85.89305536903284
 -87.20324493442158 -83.0233257263184  -80.92338594768798 -83.45560727043048 -85.38816734003358 -86.8521950039676  -88.78117436390946 -86.70467510178402 -85.58689828445752 -81.98101489084878 -89.68261575719397 -86.92322615669315 -88.94606663503848 -80.39054783232882 -88.78142503429413 -84.21107625005052 -85.33165284973018 -83.15515631006063 -88.34625671897373 -87.50144314944967 -87.4816565437984  -87.89279328451488 -84.47893526175905 -82.93614148373679 -81.30028572118277 -86.78835532939891 -82.65546659372227 -80.5336254511708  -81.4672857490581  -86.99758360020931
-1000.
  -950.
1.9210098594504326 7.249601419549706  1.4495811305147845 6.974151806978099  9.50135280391732   9.130617237590952  2.253487125256827  4.579091532869802  9.347577223564304  7.7573089282254    8.949754820852288  7.758481906246034  3.429351025885235  4.852820708841654  6.970973480366033  2.032713756580377  5.0492092013194645 4.673231224851531  9.130415685060283  1.0258329432804307 3.9398041159488653 8.97347889379697   9.176816358278193  1.1423911856190065 7.218072257652316  2.551064575107957  9.393359167334472  1.5940015544985624 7.784885696151218  7.403722827656246 
 4.726503890376115  4.727613425742124  5.823067653239605  5.634002008524777  6.278995364517936  2.2372723373161376 8.266521598385715  2.488187774052395  4.129892737709559  7.533981868154063  6.61304986350048   4.140085077800583  9.062975963764602  9.68356042433547   6.595261481882096  9.54540332836364   6.205506529484186  3.1332428221872495 6.163115380050573  6.554304222586515  5.743522920318483  4.215427840022498  6.6102410421262245 9.364935103693853  9.975905654063325  2.2342217466599    7.271363453409101  7.799167473422197  9.30722081991835   2.1184386577494823
0.5 0.5
 0.5 0.5
45.800838460486645 36.58465936057298  23.725199453597334 37.572778143748636
 36.16493193024959  45.260926770788174 28.375510370334183 49.087872449590236
1. 
 0.9
-3.4381240345083406e-08 -2.8993555859301572e-06
  -3.3264818293967692e-06 -2.2796538883686460e-05
   3.1914420944653011e-03  1.7301632348930806e-05
  -2.6573443297662268e-03 -7.3001399407858500e-05
  -1.0495431611693249e-03 -1.4721819194812147e-04
  -6.5113455189243054e-03  5.4165514515388269e-05
  -9.1571116263516779e-03 -1.5481529985528198e-05
   3.9614576266640625e-05 -4.5167866178466028e-04
  -3.3683945013489154e-02  1.4952645202980546e-02
  -1.6226563832485438e-02  3.6737423677751554e-02
  -6.8417029372272703e-02 -9.1700114820179850e-03
   1.5762624030507610e-01  8.4923133401295245e-02
   1.1454938287826752e-01  2.4113447045111657e-02
  -1.3503930418182369e-01 -1.2094957458863589e-01
   1.1425325221696078e-01 -1.1813736391678206e-01
  -2.3265594432057824e-02  2.0266596432515171e-02
  -1.2173174033055528e-01 -4.6854913948653210e-03
  -7.4342197887240807e-02  5.2654682130956132e-01
   4.2442406800933863e-02 -6.4325452308905767e-02
   1.5934529595743072e-01  3.1188949081738786e-02
   5.5641734895915368e-02 -1.5293994894941981e-01
  -8.2064157416760708e-02  2.3549880378308313e-01
   3.5646879594194641e-01 -3.0750676364770746e-01
  -3.0739663968365732e-01 -3.9366549204019918e-01
  -6.3003453635895101e-02 -1.3847683953668319e-01
   2.1592941278218196e-02  1.3873274786375106e-01
  -1.1452847985176259e-01  2.7278333005920363e-03
   2.6480512612040497e-01  1.6525044889264001e-01
   7.0038419999937851e-01  5.1504650400066421e-01
  -2.5852498834162246e-01 -1.4062416949921300e-01
  3.9581090743598800e-08  0.0000000000000000e+00
   4.2780184773373634e-06  9.0836053043863833e-11
  -4.6490562378858858e-03  2.8270822823207275e-08
   3.8687370642843904e-03 -1.9365717160087261e-07
   1.5334526434577682e-03 -2.0823589871786873e-06
   1.4274379054795082e-02  7.3788981679928176e-05
  -3.1819491430280390e-03 -8.1073226011033457e-05
  -2.2924182071523379e-02  4.3346347751505634e-04
   3.9165606648586079e-02 -3.7421600844824926e-03
   1.8385250627494111e-02 -8.3983052315353933e-04
   1.1126486560867545e-02 -2.3757302555585764e-03
   5.1248043580059584e-03 -4.0287109992164470e-02
  -1.1010907722061207e-01 -8.7339180084434632e-03
  -6.3599708527709548e-02 -2.2552320403343141e-02
  -1.5355289596028465e-01  6.7015731352319585e-02
   1.6343926506853571e-01  1.1187244663032548e-02
  -5.6537564737675156e-02  2.4529263889508275e-02
  -1.1311143044979452e-01 -2.8015884208630515e-01
   1.5354661426222968e-01 -7.2783070055350396e-02
  -9.1448660702591708e-02  4.1526217691643580e-02
  -8.2124720050059677e-02 -4.1876220372864659e-01
  -5.5542576395803178e-01  1.3154388116154606e-01
   3.6766203137905196e-01 -5.0438030024206743e-02
  -4.1530923512259849e-01  3.9356214703797565e-01
   1.9854134317561106e-01 -3.8984029288022237e-01
   2.6863198905787106e-01 -1.9185401541220229e-01
   7.7321109893529971e-02 -5.0303995399468937e-01
  -2.7184142372918813e-01  1.7743113923030637e-01
  -2.5741082159466933e-01  2.8462060466220568e-01
   4.6817505300018505e-02  5.1173589118920434e-02
  0.0000000000000000e+00  2.7151446762845712e-06
   0.0000000000000000e+00  2.1348245434726768e-05
  -9.0817070903492889e-04 -1.6188591553828760e-05
   7.5104896373076580e-04  6.8388245128684478e-05
   2.9973151039283408e-04  1.3854414608465031e-04
  -3.5787150602485201e-04 -3.6885767667028181e-05
   6.1781018012733004e-04 -2.6560228380175465e-05
   2.6953402121052189e-03  3.2478560136970671e-04
  -1.1485613592531842e-02 -1.3353958524835287e-03
  -3.4978547896848025e-02  1.3383268808483822e-02
  -2.7038629401476520e-02 -1.1578418931877710e-02
  -1.6529492370186027e-02 -5.2345363688053426e-02
  -6.8321359798862710e-02  1.4478602980441953e-03
   4.4224006078997131e-02  3.0511067833130762e-02
   2.6005075518920000e-02  5.6939608358338063e-02
   1.7089835975245299e-01  1.4491303975758263e-03
  -2.7594820920801510e-02 -4.3155507391733239e-02
   3.1726443307778344e-02 -7.8073720397580759e-02
   1.4843092726071094e-01 -2.9070056585703830e-01
  -5.3023195836728898e-01  1.2350082075709967e-01
   3.4496204197087543e-02 -1.6842256541441891e-02
   2.1748110358017714e-01 -2.7568052916370295e-01
   1.9725867245695763e-01  5.3665979231835159e-01
  -2.6049659752546434e-01 -1.2170908359009215e-01
  -3.3276746781035882e-01 -5.4936246378322118e-02
  -3.8851997951706171e-02  4.6881575108805662e-01
   1.2291120555775427e-01 -1.8010788715062831e-01
   5.2910230044972772e-01  1.4874274713119351e-01
  -1.7763674953048628e-01  9.5985581108316231e-02
   2.4913219960823335e-01 -4.6836686814088074e-01
  2.9523337601836974e-08 -1.0580236060602632e-05
   3.0471094149591755e-06 -8.3173693743220840e-05
  -3.3327581031769977e-03  6.6984498920336002e-05
   2.7730327525371684e-03 -2.8634215936423375e-04
   1.1044091625742015e-03 -7.3258483364007287e-04
   1.0005302322495689e-02  3.5643047453971276e-03
   2.1546240452509227e-03  1.7346072049957942e-03
  -1.2350758159709749e-02  8.6986918209239622e-03
   3.7833826110020022e-02  1.2098756578912897e-02
  -1.7669769524887170e-02  2.0497754104884528e-02
   6.9283608961982254e-02 -8.1808848250963032e-03
   1.0396926855785751e-01 -3.8777219016612005e-02
  -1.8468901376707630e-01  5.4586167786404918e-03
  -1.5901483912855643e-01 -4.5643949453783333e-02
  -1.4645724199805824e-01  1.2285909298940724e-02
   4.4082325754957442e-02 -7.9824261822250414e-03
  -1.9632380039335376e-01 -2.8812629925732428e-02
  -2.8833520726429157e-01  7.6929993876454980e-02
   8.1514538953227356e-02  4.2278088451883633e-02
   9.9386456604331125e-02  2.1222607626223708e-01
  -1.9081083101546303e-01 -2.6516406882054289e-01
   3.8396338001345820e-01 -3.3075247083193748e-01
  -3.9471900499571283e-01  3.6595842581249072e-01
  -2.2467054149989668e-01 -6.6586781556565791e-02
   5.1267909849575174e-02 -7.6222690998863807e-02
   5.4172882030581937e-01 -3.2960084630793646e-01
   1.7757334118164755e-01  4.7431046861478376e-01
   8.3079867290081780e-02  3.8689264487346298e-01
  -5.1883149615568058e-03  1.7928972506217417e-01
  -1.9157615613446968e-01  3.2023581360956110e-01
 -6.0581485788549442e-08 -5.4696519388387746e-05
  -6.2526269288408169e-06 -4.3001955062447436e-04
  -2.4673472533440341e-03  3.3673254043153249e-04
   2.0058377904016989e-03 -1.4334553458421780e-03
   9.2550947194514641e-04 -3.3417809531777714e-03
   6.7482904273095589e-03  1.0166729888237061e-02
   1.7301970974281065e-03  4.3381257319008359e-03
  -7.4759634603053775e-03  2.2029419280946701e-02
   2.3496027594025540e-02  2.6028482737939583e-02
   1.2049124014893511e-03  9.4386066784522306e-03
   3.2234849185844995e-02  8.7069054106987953e-03
  -2.8439501280693530e-02 -3.0585308663437664e-02
  -4.2708851361488345e-02 -4.7342628192930921e-03
  -2.6577170128855545e-02 -1.2196783115893103e-01
  -1.1693122688031840e-01 -1.6439187841870657e-02
   4.7970983528028560e-03 -2.1799649249595560e-02
   1.3279674610514720e-02  1.3174141910122502e-02
  -9.6762893589325161e-02  2.7779889220833981e-01
   6.8887181148261034e-02  4.8730547350721415e-01
  -2.7986046937268294e-01  4.4504543789380757e-01
  -4.4331639770806383e-02 -1.1198136998977044e-01
   2.9233059961224467e-02  4.0463359966848064e-02
  -1.0702372139828450e-01  2.0879008242514999e-01
  -8.9723217815647544e-02 -1.1188967231378086e-01
  -3.5438227562076163e-01 -1.9833429158280964e-02
   1.2806066072325099e-02  2.4655892503021451e-01
  -7.7591591909930346e-01 -4.0098902684234305e-01
  -2.3725293169334100e-01 -9.7376033411815929e-02
  -6.6903348430636528e-02 -2.3759899788134822e-01
  -2.7886311592374285e-01  3.3298246435542850e-01
  2.3815205439264620e-08  2.4778681518379899e-04
   2.4579719844634012e-06  1.9481501914548876e-03
  -2.2265885318213899e-04 -1.5073597774784538e-03
   1.9775083968496905e-04  6.4036756289130910e-03
   6.1311137681501707e-05  1.4273591429536579e-02
   5.0063542202045223e-03 -3.0812136492222149e-02
  -1.5451661724997373e-06 -1.2189108243912715e-02
  -9.4383761689997136e-03 -5.5643123420759180e-02
   3.3286395558273674e-02 -7.6201028747398633e-02
   4.6755977143930455e-02 -4.5532654185496679e-02
   9.0490352535048849e-02 -4.0037883744438806e-02
  -8.2639192155253699e-03  1.3292184725514650e-01
  -2.5206305559705731e-02  6.9228780945192036e-03
  -5.4628275158992268e-02  1.7446323783068113e-01
   2.0642048877573071e-01 -7.2682433991432954e-02
  -7.2223304312083389e-02 -7.6407846745241259e-02
   1.6530989127530910e-01  1.3479848417873794e-01
  -3.3639143025672824e-01  1.4037584794898803e-01
  -4.2928339799542942e-03  7.6965305375426771e-02
   3.2054253521125131e-01 -4.6020958510821064e-01
   1.2901294309820993e-01  1.6033232863313346e-02
  -2.5798756333150141e-01 -2.4311322441438607e-01
   1.5182061077646156e-01 -1.2196660313222613e-01
   2.8722414207263425e-01  2.4754620690165732e-01
  -4.8747910081088736e-01 -1.2555562164765477e-01
   1.9447360941361508e-01  5.1346932695682468e-01
   9.8255056274572539e-02  1.2184260968368818e-02
   2.4816001879941688e-01  3.6265142698654751e-01
  -3.1676711239686139e-01 -5.6051197057703984e-02
  -2.4052710513336500e-01  3.4852241184042215e-01
  2.7286235177265268e-08 -6.3580133306681030e-06
   2.7030177019271965e-06 -4.9997530091379560e-05
  -6.1495937978777717e-04  3.7647339690803969e-05
   5.2334660074747092e-04 -1.7451651510797981e-04
   1.8475726261214247e-04 -4.7947934279821537e-04
   2.8866705568085147e-03 -4.5395366045275993e-03
   3.9830226147300127e-03 -2.4104662664887182e-03
  -1.3953007362315537e-03 -1.5037623185805871e-02
   2.4009236489278381e-02 -9.8042858444268126e-03
   7.5158368614524559e-02 -1.3448346668441542e-04
   6.4136849522906061e-02  1.2350152543179001e-02
  -1.1965151785451889e-01  5.2848056134270106e-02
  -1.3240330320448127e-01  5.3923124312005091e-03
   1.8194026873893898e-01 -9.8832922499513545e-02
   5.0804876073417382e-01  4.0692916086786463e-02
   1.6745394018936441e-01  9.0848843404272933e-02
   2.5593191238098278e-01 -8.5581821951911274e-02
   7.0855854596798360e-03  4.1815701888372170e-01
  -2.0165286999572449e-01  2.1744309852599658e-01
  -2.5990676394010725e-01 -5.0498620446177878e-01
   3.3429259501781100e-01 -4.9070157985407155e-02
   2.9640688578717031e-02 -9.4134297317986976e-02
  -2.4615162836613639e-03  3.3699116742676088e-01
   6.1049031334395244e-02  1.5021397389158911e-01
   3.2893571105175345e-01  3.1027494079068768e-01
   4.4917841040841877e-01 -3.4936247653778313e-01
  -1.6045200761302361e-01 -2.8864088836408897e-01
   2.7066017253845429e-02 -5.0963310610130305e-03
   1.0454803931222705e-01  7.5681097570902786e-02
  -3.2141875821361618e-02 -1.9426469289549805e-01
 -1.3673052028680995e-07  7.2339975661486278e-04
  -1.4480064200944496e-05  5.6874970161139519e-03
   5.1150100517738080e-03 -4.4210629598284180e-03
  -4.3108769976121048e-03  1.8966017651987369e-02
  -1.5555437693313468e-03  4.4427147040025927e-02
  -1.6113203015092097e-02 -5.4672135696838403e-02
   8.4913994980844107e-03 -1.8746274618441569e-02
   3.0436880357112357e-02 -4.7142841940897490e-02
  -3.2655538707585544e-02 -9.5365992841091790e-02
  -4.7892993898028355e-02  5.9729729396597771e-02
   5.8711506001856442e-02 -2.4504003174802674e-01
   8.9167645049811728e-02  5.4322113432702684e-02
   3.7602010393521894e-02 -7.3395974558247423e-02
  -4.7678253606837945e-02 -1.7901478111055730e-01
   1.6333802055271948e-01 -5.7145862616738236e-02
  -3.1393778160864161e-01 -9.9547874459366328e-03
  -6.1187180412610842e-02  8.7910830850368750e-03
  -3.2176715754751561e-02  9.1933900577199051e-02
  -2.9262202004884713e-01 -3.0976710176376721e-01
  -2.8622436571560050e-02  2.9730278372868779e-01
  -3.9991929605147619e-01  3.1702986603379441e-01
   3.8295380815314262e-01  2.4574645512940968e-01
   5.3886384316053182e-01  6.7856219219118302e-02
   3.3914590497441006e-02  3.8289146061673790e-01
   2.2130406542181835e-01  4.7812471157688186e-01
   6.4608008991154584e-03  5.7277213950124889e-02
  -9.7057454005661833e-02 -6.9491938341916748e-02
  -2.0739343020090534e-02  2.3789559193441845e-01
  -2.8763931277989913e-01  1.9062188961961671e-01
  -1.5514447856529037e-01  2.0240546323949371e-01
 -6.4422732068538096e-08  0.0000000000000000e+00
  -5.8032278867858589e-06  0.0000000000000000e+00
   1.9401553116384345e-04  0.0000000000000000e+00
  -1.9117862435851979e-04  2.5969142898436665e-08
   2.0556385136077277e-05 -7.3386688480480710e-06
   1.1236468595222770e-02  2.3401724431454233e-03
  -2.6222236567945360e-02  1.2458005526788320e-03
  -4.3567720830199240e-02  6.7848421498776044e-03
   8.3216050286300698e-03  1.8447292963529278e-02
   9.2107750685490583e-02  5.7327214326629482e-02
  -1.3928239267297357e-01 -2.9165017923918360e-02
   4.0318987930801203e-01 -2.0221922752873697e-02
   1.8707915741648609e-02  2.6591535163506295e-02
  -3.3561691560994739e-01  1.0229294189897077e-01
   1.5136029278582988e-01 -8.7366669397601071e-02
   1.5563853369896807e-01 -3.0777728824614103e-02
  -4.6337381804836519e-01 -7.2390729716864374e-02
   6.8671522210064187e-02 -4.5012598942255969e-02
  -1.5494700050308130e-01 -2.6243482748953439e-01
  -2.7070895160606917e-01 -2.9175240385350598e-01
  -1.6271645637502530e-01 -2.5942405196141338e-01
  -2.7533253491111292e-01  4.3736590993110880e-01
  -9.7486767113326669e-02  4.2414090722777470e-01
   4.2771236461587492e-01 -1.0780639219649521e-01
   7.2079008840664335e-03 -3.6595868410253113e-04
   1.0950912768786314e-01  1.6806408922166122e-01
  -6.7605245968689484e-02  1.2137111669331138e-01
   8.4676974629101245e-02 -4.0043279767614415e-01
   1.9383609769768335e-02  1.1361398665875252e-01
   1.0507814852899974e-01  3.8433422607905066e-01
  8.2055831453857092e-06 -8.4589576566841131e-04
   8.4500726339300483e-04 -6.6512379300593116e-03
  -3.6449066102018882e-02  4.9695737026331337e-03
   3.4819866351542453e-02 -2.0836227242593514e-02
   1.1499217667225296e-03 -3.8778323494937067e-02
   1.0537016162975699e-02  1.0169479066651079e-02
  -7.4081691766386881e-03 -8.1307062270042363e-03
   7.5235671855886158e-03 -6.7663723641750745e-02
   4.2730326851464218e-03 -4.0427116547421392e-02
  -1.3366379096681497e-01 -6.9442719970003675e-02
  -7.5711770139690535e-02  1.7582177019956957e-01
  -4.5908587883951843e-02  1.2171217832667953e-01
   1.8542023662335375e-01 -2.2318461086262203e-02
  -1.9292120444375316e-01  1.3025733330930842e-01
  -1.1097355582070373e-01  3.5037059170761392e-01
  -2.0802127430554190e-01  2.5933020854816952e-01
   3.3139772293378056e-02  2.0814673654281940e-01
  -5.7229470051245818e-02  3.4288812929241730e-01
  -3.4222064960506443e-03 -5.0917716837909403e-02
   3.0718158495255432e-01  1.9562939663513840e-01
   1.0398294959843604e-01  1.0723765062357302e-01
  -4.9099028735429588e-02 -1.2388011286780010e-01
  -6.1472299189231659e-02  4.2771493343082861e-02
  -8.4016917729387131e-02  4.1713865048376197e-01
   2.0477676132154848e-01 -2.3968245898565832e-01
   1.8793614795824781e-01  6.9876345702009068e-02
  -4.6061053077604464e-01  2.0002110803455725e-01
   3.5724794655807973e-01 -4.2978513378400046e-01
  -1.4703070334318660e-01  2.0360576939302699e-01
   5.3184289724508405e-01 -2.5169247785036389e-02
  0.0000000000000000e+00  1.6694574078217040e-03
  -1.9397081689152211e-07  1.3125266404187430e-02
   4.2170838902445682e-04 -9.9524907082840681e-03
  -3.5070628393711649e-04  3.8983207099685474e-02
  -1.1667271347770697e-04  4.9263819413994527e-02
  -1.8641895131799212e-04  9.8519131262849030e-03
   1.5765152702538348e-02  2.6106959862102888e-02
   1.2663599320229571e-02  1.5942188843796440e-01
   5.7242233555652097e-02  1.9775107781610183e-02
   2.9597520040044747e-02  1.2250410931158454e-01
   2.4596285086304817e-01  4.6710967560297294e-02
  -2.9028054106011808e-02 -3.0281158458200275e-01
  -2.5032817615162478e-01  6.9413856536022916e-03
   2.7389192307500476e-02 -2.1282790598943083e-01
   2.3137108451790284e-01  4.3186566423478212e-01
  -3.3559122650227513e-01  4.1722953535901897e-01
   5.3118126918263647e-02  1.2494346331342721e-01
  -2.9724822657612510e-01  2.0129475458175533e-02
  -3.8703895661465337e-01 -2.3588851836804214e-01
  -1.1259215304088699e-01 -1.7486071803505254e-01
  -2.6570385894265935e-01  2.9906572431773737e-01
  -2.2313964789726107e-01  5.7106329919951633e-03
  -2.2202287992870681e-01  3.4041648236603911e-03
  -2.5126463453996001e-01 -2.9165523443317015e-01
  -1.8520346071456839e-01 -1.5745973636945293e-01
  -1.5175275027524707e-01 -6.7152179205802354e-02
   6.5979793266022130e-02 -1.8324517139771460e-01
  -6.9281216641337781e-02  1.6260266206091178e-01
   2.0348491649938161e-01 -9.7922069363091863e-02
   3.3191660414672086e-01  2.8050799789339281e-01
  0.0000000000000000e+00  0.0000000000000000e+00
  -3.2927762537199697e-06  0.0000000000000000e+00
   7.1587643524273119e-03  8.9435753293651374e-05
  -5.9406633874535594e-03 -1.4098790489334712e-03
  -2.4061504293530181e-03 -1.5437115147734571e-02
  -3.4143520878885364e-02  3.2760898165317257e-02
   4.1729275331903029e-02  1.7327998345468346e-02
   8.8957558173979406e-02  5.6885658433752491e-02
  -1.1454498951801709e-01  3.8541594729046259e-02
  -1.5852235928822112e-01 -2.5068131523416706e-02
  -3.2675357424937580e-02  1.7184441926186822e-01
  -4.4726821015967533e-02 -2.8075228114595363e-01
   2.2028204818885230e-01  6.1511769868487928e-02
   8.3890045222526285e-02  4.7605838327072703e-01
  -2.6531960943474642e-01  3.4348690282702393e-01
  -2.1770177468115756e-01  8.5069425878875643e-02
  -1.3744877214556223e-02 -2.4710478056355822e-01
   3.5168956823797526e-01 -7.6712322410165096e-02
  -3.1079966632146366e-01  3.6556328815791972e-01
  -8.2021932800150438e-02  2.7255606226355096e-02
   8.6674964897382009e-02  4.7886541616431105e-02
   8.8543190742244107e-03  3.7509366103968039e-01
   1.1970726924746788e-01  3.6677291388347778e-02
   4.1580245559346217e-02  6.4529720956663789e-02
  -3.9171823722619764e-01  1.7088341621791189e-01
   5.1061636016184364e-01  1.2977900231970754e-01
   1.4375112070569984e-01  1.3072612482595325e-01
  -2.2063988406676996e-01  2.8355003793698863e-01
   1.4487588441725935e-01  1.6074987255733836e-01
   1.3806869023837426e-01 -9.9256289300312966e-02
  1.0575318663880984e-05  4.4720068993043410e-04
   1.0890415617444808e-03  3.5179602146155693e-03
  -4.7106781839769032e-02 -2.2213171483129158e-03
   4.4984344976498218e-02  9.1584667020933354e-03
   1.5270352359844099e-03  4.3324386045808117e-03
   1.0970367583097411e-02 -6.1163965083899444e-06
   1.1214445800373798e-03  5.5505949221713903e-03
   2.3679593361005898e-02  1.0787216362927470e-02
  -2.9780046212252359e-02 -6.5883881621237525e-02
  -1.8505217385170034e-01 -3.8222987586966872e-01
  -1.7034090402768295e-01  1.6076015676307878e-01
   1.1662637011287538e-01 -7.1429819598520003e-02
   7.1265731050514272e-02 -9.2354279494168525e-04
  -3.0233756468746109e-01 -4.7753955282689581e-01
   3.1289685916378163e-01  2.2770082478005427e-01
   2.5184951637781633e-01 -3.8629277525099304e-01
  -1.4325346345176154e-01 -4.9696058733828574e-01
   5.8851537916906983e-02 -5.6048673495651312e-02
  -3.2671469113726503e-01  5.7068866490576464e-02
   2.0194728287040778e-01 -9.0212286551185308e-02
   3.5086474326062100e-01  1.9490228125707248e-01
   1.6356111281499469e-01 -5.7462989531602962e-02
  -7.4705916023767124e-02 -8.8504582748092780e-03
  -3.8212312499054146e-01  5.9244582838043305e-02
  -1.5932944220846440e-01 -1.3615481483757713e-01
  -1.7998025444692811e-01  1.0624192813793815e-01
   4.5307756667436430e-02  5.3025956195036125e-02
  -2.5668986648345271e-01 -9.5371419182569292e-02
  -2.4656317404976189e-01  1.7951365633769956e-01
   4.5751488609710456e-03  9.4286671701630895e-02
  1.4511790178639797e-05 -3.4112735899187890e-03
   1.4862158683975517e-03 -2.6819245948759746e-02
  -7.9847828360485248e-02  2.0582440346466169e-02
   7.4257274901095668e-02 -8.3062020470576731e-02
   7.4130999622500490e-03 -1.3725200269285159e-01
   6.1632410483227561e-02  4.1345848430659193e-02
   6.2145896714670135e-04 -3.1479902612693109e-02
  -3.3715366815267822e-02 -2.2527708083481446e-01
   1.1880907509316514e-01 -1.7635512331963449e-02
  -1.3071939220386106e-01 -2.3306227175940200e-01
  -7.8041862417511654e-02  3.0024032639757015e-01
  -3.3781468584687768e-01  5.1772096949476931e-01
  -1.3869481773652181e-01 -8.9036618091901221e-02
  -1.7755057078896375e-01  3.6842249400988417e-02
  -1.5212702867048267e-01  3.8372819608287465e-02
   5.4742596737610938e-01 -4.8880393714864384e-02
   2.7193500569026141e-01  3.3983516966819788e-01
   1.1745560425000864e-01 -2.4475733133231806e-01
  -3.4213407440419974e-01  1.2650272020362674e-01
   1.5400158600449915e-01 -1.9615450463404439e-02
  -4.2355753112501054e-01  2.8824841995854344e-01
  -2.4296684735555740e-02  1.6898466518952412e-01
   5.8991318176865842e-02  2.1315703134243685e-01
   8.0602304370347821e-02 -2.5484030873845520e-01
  -5.7255325119031558e-02 -1.9420631467330588e-02
   4.8559962606459454e-03 -1.1215072283062294e-01
  -5.9761255987628208e-02 -1.0983868221394757e-01
   1.4013051553100300e-01  1.4146387625606585e-01
   1.1430688783749907e-01  1.7172266025311833e-01
  -8.1324857783647495e-03  7.3337836319992966e-02
 -7.6990437121286944e-06  3.5607320863609605e-03
  -4.3120648718873254e-03  2.7976003423494360e-02
   2.1416751485319845e-02 -2.5390802636892237e-02
  -4.2939790186955477e-02  9.7736878197436150e-02
   5.0237247447576433e-02  2.1510863694914417e-01
   9.3249290296964993e-02 -7.9994637649957512e-02
   2.1395570208825224e-01  6.1991801891303239e-02
   9.8113858262866421e-02  2.6990630026549350e-01
  -1.5306811723647770e-01 -5.1001379621095813e-02
   3.0752433226802445e-01 -5.2944963884513530e-01
  -1.3208589884598734e-02 -1.9994381798379542e-02
  -3.3600275277368075e-01 -2.8453765343310033e-01
   2.7625493837888732e-01  2.2929038721912975e-01
   3.2909823924250825e-01  3.3310331287661732e-01
   2.9878054837598245e-01 -3.5840860522943796e-01
   7.9924063246333249e-02 -4.4230745915400507e-02
  -3.8798926599838801e-01  1.3260393196672113e-01
   2.1179676879474055e-01  9.6195490991134336e-02
   3.6633904973153400e-02 -7.5979403740731699e-02
   1.8443150903365399e-01  5.5669528846292636e-02
  -2.8082399163130084e-01  2.4923920048765844e-01
  -1.0624439997776342e-01 -8.6944096604674920e-02
  -1.4734824574139782e-01  6.9221647161634398e-02
  -1.8260846906007056e-01 -4.5504161770248547e-02
  -7.2508031681345231e-02 -7.6581023492371628e-02
   7.1681419659069656e-02 -1.5879652325308302e-01
  -7.3771787497019847e-02 -1.5672733639995914e-01
   1.0582064780808373e-01 -6.3414357064147497e-02
  -1.1630237391885656e-01  1.4978007398561771e-01
  -5.6415828395329805e-02  8.4075882187032297e-02
  0.0000000000000000e+00  0.0000000000000000e+00
   2.5341463713287379e-03  0.0000000000000000e+00
   1.2410941814624338e-02 -1.1399646630667650e-04
   4.7466872148618560e-03  1.7970562953595445e-03
  -3.8166872603719100e-02  1.9812409579611178e-02
  -8.0043091431767854e-02 -4.2352442209813032e-02
  -2.5982021176247222e-01 -2.1689218452367043e-02
  -1.6011475688957161e-01 -7.5136574394196354e-02
   5.2829182074378089e-02 -5.8831780295895690e-02
  -1.4728006806592109e-01  1.4698387032737525e-01
  -2.6841125491369688e-01 -2.5552140590987898e-01
   2.7877840461745534e-01 -4.1396170385111883e-02
   1.5179196659003313e-01 -9.2550637815045189e-02
   9.3531759018394243e-03  9.8883586749706320e-02
   3.6347972150278579e-01  6.3218872456066083e-02
  -8.7241794164984746e-02  1.3658916343904162e-01
   4.1499245451002004e-01 -4.1031895786295181e-02
   2.6272019924733853e-01 -3.0344204464287861e-01
   3.1570597593767791e-01  2.2354718257887685e-01
   3.4037577799456667e-02 -2.7079239640388997e-02
  -3.7921974385058538e-01  2.7069742527845247e-02
  -4.5203890775782324e-02 -4.0525828768941191e-01
  -1.5605935364239232e-01 -1.3962222614706768e-01
  -1.2575200482751556e-01 -1.8738506692418105e-01
  -1.0443792755386633e-01  2.6627669317918279e-01
   1.2095249674309606e-01  8.3686764140673886e-02
   2.8918188537101840e-02 -1.3680188350695138e-01
  -7.6723226604802977e-02 -2.8804321633482516e-01
  -2.7296550025890414e-02  5.2937460302495754e-01
   2.4813488251177886e-02  1.8643422609822130e-01
  6.5474695018067814e-05  3.2238526497459603e-03
   1.0675636174361344e-02  2.5343986345814380e-02
  -1.1051952268568682e-01 -1.9816724839789829e-02
   1.5199709704011749e-01  7.9368802201671904e-02
  -1.0319529507776404e-01  1.3455059006494757e-01
  -1.4793592133104708e-01 -4.0572211226040988e-02
   5.8780102065399457e-02  3.4399454445753291e-02
   1.7915560672964345e-01  2.1603727287682198e-01
  -1.4855942696535823e-01 -6.8536219936737933e-03
   2.6254911474157938e-01 -3.4271294331594947e-02
   7.0714194458803406e-02 -1.1391480789902916e-01
  -4.6846634189767686e-02 -1.9916243730941724e-01
  -3.4681230914884714e-01  5.7312118770832386e-02
  -1.4565116601232642e-01 -4.5047758757200662e-01
   1.8003203648950400e-01 -8.8411718778135792e-02
   1.1164218802681418e-01  7.2498189360303972e-02
  -5.7640201100492457e-02  5.0503893298470393e-01
   3.4284300266401946e-02 -1.9431640154573743e-01
   3.4400323198745492e-01  3.6024824621550788e-01
   2.1296379894864223e-01 -1.1213155995049663e-01
  -4.4078451840587049e-02 -3.6671692449100859e-02
   2.4407605878117908e-01  1.7440997176155593e-01
   2.3917186153025113e-01  1.1134453541493242e-01
   1.4857949207679377e-01  1.3442054875153128e-01
  -1.8284898587386411e-01 -4.8037811064558494e-03
   8.1690267719301199e-02  1.6769243842611570e-01
  -7.2315704395987918e-02  2.6070699753708781e-01
  -2.9196677743302590e-01 -1.1028267534717341e-02
   1.4303596503895979e-01  1.3718839056551441e-01
   3.8973250230950607e-01 -1.9859209281538273e-01
  7.7268892643968950e-04  1.7200120571333388e-03
  -3.0802743648647964e-03  1.3519604362326253e-02
   1.8358542992303752e-02 -1.1722888969255801e-02
  -6.9298111250228514e-02  5.4684272102274514e-02
   5.5011569394682942e-02  2.0191071634327731e-01
   8.4294366030670143e-02 -1.9311314360959553e-01
   1.6724790032709461e-01 -2.0543622116383081e-02
   1.2724140746350579e-01 -1.2249787369787293e-01
  -1.7715697015279588e-01 -4.2067057446558964e-01
   1.5399439310699947e-01 -2.3100714682081736e-01
   1.1259717777253216e-01 -5.7137250279561058e-01
   2.6186371768215921e-02  9.6079092627994828e-02
   6.4189065528285427e-01 -1.7470264610679437e-01
  -1.8909443946854043e-01  1.2433942123291082e-01
   8.9334599684487426e-03  3.8982046974886025e-01
   2.2017707700426503e-01 -1.5599966059776327e-01
   2.6874785208958984e-01  8.0842053080920143e-02
  -4.3007524667071012e-01  6.6653420319463683e-02
   4.4754124919314540e-02  3.3140007659542718e-02
  -1.7414400513281220e-01 -6.7945522904807321e-03
  -9.5840773854340408e-02 -1.0374559679135845e-01
   1.0383961718588657e-01  1.2591763414999546e-01
   1.1454473958116933e-03  3.3466679512656763e-02
   4.9495609309998113e-02 -1.5223782963761595e-01
   1.2408912044415188e-02 -1.1108909910369838e-01
   1.7671686129442435e-03 -8.6855692600458834e-02
   8.7664633913778364e-02  3.2589561753335494e-02
  -1.7275420811596340e-01  1.1709089181121971e-02
   7.8939534657598204e-02 -1.4810275990531174e-01
   1.4106635196287010e-01 -9.4018535450410445e-02
  0.0000000000000000e+00 -3.7826560816132718e-03
   0.0000000000000000e+00 -2.9732357659975537e-02
  -1.7198431780388007e-01  2.1919973595912388e-02
   1.4236573610103706e-01 -5.9403753982618962e-02
   5.7788656790978506e-02  2.2576878346421736e-01
   1.9997329438800121e-01  1.1807993979047340e-01
   9.1355863424190956e-02  2.3638994250840883e-01
  -2.8363268827665503e-02  6.2221908270854476e-01
   2.3074667888542241e-01  1.1451221340377346e-01
  -1.4187946872358106e-01  2.9790328023671825e-01
  -1.7517927632809277e-01  3.7161882798503368e-02
  -5.4896998319646007e-01  2.5976980927088106e-01
   5.3012406132960051e-02 -6.1734062720572150e-02
  -4.5255922185053132e-01  1.1872312327535069e-01
   1.7528733866572643e-01  2.3958904308959850e-01
  -3.2131883153325297e-01 -4.5491151194458579e-01
  -9.1683069110133242e-02  1.2034685007591472e-01
   1.8755345332884199e-02  3.5246353270335734e-02
   2.2180445348674419e-01 -3.0972710622775030e-02
  -2.1758956895551368e-01  5.7124037419260497e-03
   3.2575057552282474e-02  4.4517485125535911e-02
  -2.1937244233258015e-02 -5.0044649428801463e-02
  -1.9710351495097755e-02 -9.6692739940752379e-04
   7.0813525067342564e-02 -4.4498705479472595e-03
   2.8740356420958992e-02  4.1182434147868222e-02
   1.2474549022900471e-02 -4.4032256289239749e-02
   1.3510554246983353e-01 -5.2204176224634670e-02
  -7.3014457073722894e-02 -3.4997937906686365e-02
   5.5124391045548851e-02  7.0375711069553773e-02
  -1.0393545860045239e-01  2.0110107865693529e-02
  3.9262637137517341e-03 -3.9312364221036995e-03
   3.2724247316491116e-02 -3.0924578604663439e-02
  -4.0136643858427407e-01  1.9437230539580300e-02
   3.5150570224799627e-01 -7.6373580083173118e-02
  -1.9992862859824209e-01  7.5238152656560853e-03
  -3.2371046096715816e-01  4.5169064120312609e-02
  -1.7726737852527519e-01  3.2424541121974217e-02
   4.9480466453193650e-01  9.1005840928121223e-02
   7.5840262630810631e-02 -1.5655418340601579e-04
   2.1319666639270313e-01  2.5819201765673505e-01
   2.0836577821098223e-01 -2.6542671094670695e-01
   6.1842596827840240e-02  6.8438230201109174e-02
   1.3613865532664729e-01 -3.5003351690590068e-01
  -1.2388401510854044e-01  5.7580610859490865e-02
  -6.6836098048525652e-02 -3.1671969471505945e-01
  -5.2339300928216904e-02  1.5153149989266038e-01
   9.9825410731990194e-02 -2.9362099675774739e-01
   1.6929581315942493e-01 -9.5332492555662285e-04
  -7.3676930767408555e-02  2.0673265545963507e-01
  -7.6903066817472249e-02 -4.0392589972601145e-02
   7.4911489352864902e-03  4.2100831908756953e-01
  -1.0488900844114761e-01  1.0547738285915918e-01
  -1.1724867399008877e-01  1.7704572556892245e-01
  -1.0354783446770238e-01  7.5508551599454715e-02
   7.2175498394391774e-02 -4.6972928975208783e-01
  -3.1733592769179794e-02 -6.8877995447406373e-02
   3.0599914701023120e-02  5.3231777358301716e-02
   1.4444414598614047e-01  1.3158606980445848e-02
  -7.6396204199040141e-02  5.6940441211892893e-02
  -1.8537896856842528e-01 -5.3232173190576472e-02
  0.0000000000000000e+00 -8.5984609636866032e-03
  -1.0686782789767554e-02 -6.7623191121192652e-02
   1.0704458015527511e-01  4.5844708049623754e-02
  -1.5582575388473369e-01 -1.7644851595296526e-01
   1.0705462865461188e-01 -4.3486922285598209e-02
   1.9295861507765219e-01  1.2618363706559813e-01
   3.6811537184615706e-01  8.0580917917023931e-02
   1.0662360979335500e-01  1.1637190662312784e-01
  -5.2727287870439343e-01  5.8184227279693579e-01
   1.0728309362819922e-02 -4.5793549817972951e-01
   1.9548687264815409e-01 -2.0021785380937271e-01
   1.0916996482284000e-01  1.4288811373868490e-02
  -2.3237512780789421e-01 -5.0182757547506751e-01
  -3.5400348215031391e-01 -4.0961756181097549e-03
  -9.8199232597432108e-03  5.7862236525166720e-02
  -1.1260536999599542e-01  1.6617856036243256e-01
   2.6214847189676715e-01  1.1018299665579954e-02
   3.2217097118854110e-01  1.5087819608363390e-02
   4.1733248450436300e-02 -6.0437702305673871e-02
  -2.6135211323678773e-02 -1.7070177747270938e-02
  -4.4039305745521978e-03 -1.5500749937639707e-01
  -1.0824590999505605e-01 -1.1223200202232770e-02
  -1.0230261626464404e-01 -5.6637451878917749e-02
  -7.0314356507915732e-02  5.2935536529022499e-03
   6.1344856018841945e-02  1.1921239690939658e-01
  -2.8359902098879432e-02  6.3689610094448124e-02
   8.1733392240504465e-04  2.0299397706198395e-02
   1.2805531512796753e-01  2.3861676040915752e-02
  -6.1153612707249221e-02 -4.3365615841562906e-02
  -1.4636614090115896e-01  1.0403205642337054e-02
 -7.2376563135164414e-03  3.7079621312523605e-03
  -7.2577434314470557e-04  2.9155948041686849e-02
   1.4291180702373818e-01 -1.9894884926392076e-02
   2.0459262570541695e-01  6.3323963734999600e-02
  -2.2547352108792751e-01 -1.2885886716550599e-01
  -4.8658069990357355e-01 -7.3636683256586982e-02
   3.8197593160683350e-02 -1.5738641726821134e-01
   4.8168802778634431e-03 -3.2975202411727289e-01
  -5.3092105140107337e-01  5.7846772375991973e-01
  -3.9089597164906292e-01  1.4779002194255997e-01
  -2.3155168803232123e-01 -3.0088892591208244e-01
  -2.0980822808379437e-01 -1.6897698794528301e-01
  -2.8166126946461357e-02  2.8281062146500580e-01
   6.7623975685232846e-02  5.6570225674516125e-02
   4.9442971908514405e-02  1.4269989708417119e-01
   1.2999585886519099e-02 -3.8076482162845471e-01
  -8.9381009596924299e-02  1.6285840676075736e-01
  -2.4165598029623203e-01  7.6170857618539964e-02
   1.0312022952192863e-02  3.0909816852244705e-02
  -8.8083168431209447e-02 -3.2113075635830705e-02
  -5.9445424293160271e-02  2.0980877968682332e-01
  -1.0065831376556578e-01  1.3371559433826065e-02
  -6.3803968135109579e-02  5.7747951833687347e-02
   7.2621868275215037e-02  1.2673745314586102e-02
   6.8529584247050121e-02 -1.4817445049212360e-01
  -2.6057829200192163e-02 -7.8959986211849062e-02
   1.5545933136951535e-02 -2.5611785742004421e-02
   2.3779073693028539e-02 -2.4517968088514849e-02
   6.2134036044475711e-03  6.0242827106527147e-02
  -6.9340104732294808e-02 -5.7573725358461133e-03
  4.2597423477043839e-03  1.4822254294235399e-03
   8.2284713800063435e-03  1.1638584210648714e-02
  -3.7151856932049399e-01 -9.9768920454220839e-03
   1.5222236539559325e-01  1.2276772777100547e-02
   1.2527845779473779e-01 -2.3921139039655051e-01
   3.4514872860904322e-01  8.0870560278489281e-02
  -4.6992590683871849e-01 -1.4289714046781993e-01
  -2.1411544393431922e-01 -8.3541667436520556e-02
  -3.8122366782720007e-01 -2.1823207309225331e-01
  -2.6119133530416394e-01  1.0606602143607689e-01
   4.1688096442552453e-01  2.3074235240775140e-01
  -3.5532135334836457e-02 -4.7823672597297306e-01
   6.1740623244822351e-02 -5.8271962702317015e-01
   7.9066344613862388e-02  7.2479202698604694e-02
   5.5735718497128675e-02 -5.9903634511203216e-02
   7.9450749446758340e-02 -3.5665585042307546e-01
  -1.4096774252327218e-01  2.6094646162859414e-01
   1.5935097113541387e-03  1.0834585626873106e-01
   6.7935388344082276e-02 -5.1775210305055899e-02
   1.2074062525341250e-02 -3.0061536611652249e-02
  -8.0074994440531462e-03  1.6001772044723736e-02
  -1.1692150654998614e-02 -2.4942412070564520e-02
   1.4972436041581830e-02 -5.8481268547355622e-03
   5.2565917687263174e-02 -1.6176290312921126e-02
  -1.3887665626503344e-03  2.9722954280653198e-02
   1.5134922063996404e-03 -4.9167543094130489e-02
  -1.2136669196638014e-02 -3.4808835024797341e-02
  -2.0835961392120850e-02 -3.0481100934216382e-02
   1.8868179573324314e-02  4.4544303587758065e-02
   1.9133652530242674e-02 -3.4698019167899320e-04
  1.5343865701137592e-02 -3.5028718662870023e-02
   2.6424248372082154e-02 -2.7690146847003116e-01
  -2.2344661353130182e-01 -8.4429805099154209e-02
  -3.4479290041134253e-01 -3.2066644367192454e-01
   1.1963906194778995e-01  4.0484280049636473e-01
   2.1634269579347909e-01 -6.9099239997948325e-01
   7.6057683816262434e-03 -2.6205813499823161e-01
   6.8014001751414954e-01 -2.8194688715014599e-02
   4.0420844430416214e-02  1.3571946434426047e-01
  -3.9060665885901363e-01  8.6999527288612127e-02
  -2.1049005149027253e-01  2.3722257708968397e-01
   8.6179889759596270e-02 -2.4200076572432946e-02
  -1.1967631590862123e-01 -1.3107088214478332e-01
   1.9789180802379092e-01 -8.3050747064283524e-03
   6.6362675173144550e-02 -2.5552188662763646e-02
   4.0410799127550308e-02 -4.8015084028821507e-03
  -3.6848724757478676e-02 -1.8042116217437988e-02
  -1.3185207467395810e-01 -4.9242366765500593e-03
   8.8366990244831412e-02 -2.0151460318537607e-03
   7.4217867852997728e-03  2.5546578754533571e-03
  -6.2537103736574104e-02 -9.9606204423143239e-03
  -4.2819653767959161e-02 -3.2678901656803868e-05
  -3.4335587180563077e-03 -2.0744631145484748e-03
   8.1612783668613409e-02 -5.2122568149499493e-04
   1.4500173625784811e-02  5.7486332463159186e-03
  -4.9981621706223812e-03  4.2051948402849187e-03
  -2.1385584441288526e-02  1.7010019490484706e-03
  -1.9140707540221458e-02  1.5344658619583121e-03
   2.5022478374865605e-02 -3.4710717810323647e-03
   1.7895279931316937e-02  1.8491624255225408e-04
  9.8656443615953507e-03  4.8393959402560048e-02
   1.7545674539647133e-02  3.8304753901971578e-01
  -2.3337323698997353e-01  1.8735572454993391e-01
  -1.9602068974761411e-02  3.9083073418347231e-01
   9.0787851117310178e-02  2.9414343556309819e-01
   1.8438943699160687e-01  1.3570301237421992e-01
  -2.8230694662867223e-01 -6.9531614195468650e-01
  -3.6879636210457298e-02  1.2882990179756854e-01
  -3.3705788314032542e-01  1.0647473400916113e-01
   4.7407192427872946e-01 -4.7665568576427675e-03
  -5.9308597949560493e-01  7.4348489651353641e-02
  -4.7478943372434718e-02  1.4014632329807183e-01
  -1.3060362647095547e-01 -1.2100659416836897e-01
   1.7176286461994039e-02  1.9725101994797694e-02
  -1.4177859246726116e-01  9.2253740088305194e-03
  -1.3159982151661345e-01  4.4021752737041467e-02
   1.1593596022087828e-01 -5.9104200995548278e-02
  -1.5093456989132031e-01 -1.7538915765901157e-02
  -1.7395001448336342e-01  3.2501837352253340e-03
  -3.7722517487646413e-02  9.5254169573250683e-03
   3.8206998567975922e-02 -2.0568113881215950e-02
   2.5053658087519533e-02  9.3340804228512694e-07
  -3.1125111862408388e-03 -4.9175235520377636e-04
  -5.1180854621049848e-02 -2.5794027375327529e-03
  -1.1817169652768457e-04  6.7476659363516012e-03
   2.9026753792254184e-05  7.8381032573722476e-03
   2.7185274529990457e-02  3.1581271019465668e-03
   1.2019730650253562e-02  3.6058508261268391e-03
  -1.6365866471021197e-02 -6.2722314140349258e-03
  -2.3384978996057799e-02 -8.9380423734798783e-05
  0.0000000000000000e+00  9.6797233552475853e-02
   2.5123317495105033e-02  5.4504779923959412e-01
   2.1365826747254563e-01  1.5590921428766175e-01
  -6.3396809152529143e-01 -4.5668965798573952e-01
  -3.6281948322249247e-01 -4.6468996023868797e-01
  -1.1717441458829142e-01 -3.3006644994213724e-01
  -4.7911003234573474e-01 -1.4636219109539245e-01
   7.8891658197139711e-02  2.9809623813868436e-01
  -4.2874658667761696e-02 -7.0113362249479172e-02
   9.5541220508385594e-02 -3.7707639512275043e-02
   1.4632000446431298e-01 -9.3269196296027923e-02
  -2.6230639610515377e-01  2.1383953322105485e-02
   3.2719378890527361e-02  9.8084817749828079e-02
  -2.4213237874014595e-01  1.3062809423257973e-04
   2.2638027362783135e-02  1.8558572817110531e-02
   3.7862878630880656e-03  5.9639163190033278e-03
  -6.2707716181733375e-02  4.1992233266021899e-03
   6.6440841858912511e-02 -7.3221041250356338e-04
  -4.1880107848760546e-03  8.5940113599580596e-04
  -7.4807594328139687e-03 -4.7529581434510517e-04
   2.1122362312737814e-02 -1.1118016549575362e-04
   7.0071919447385594e-03 -2.6824908354959343e-04
  -7.2995078653716010e-04 -7.8607334400417680e-04
  -1.4385165310230028e-02 -1.5074892021581815e-05
   3.3360333661705306e-05  1.2282252787741467e-03
  -2.1683911282647299e-05  1.5232589102500183e-04
   7.5473500001624417e-03 -7.4307876640365380e-05
   3.5550607655698424e-03 -8.7505098425820767e-05
  -4.6759843330698818e-03 -3.0637289670451218e-05
  -6.7036798661281993e-03  2.5891263989898914e-05
  0.0000000000000000e+00  0.0000000000000000e+00
  -6.8098410272877691e-02  0.0000000000000000e+00
   2.3513446580031386e-01  4.4665092835248160e-01
   1.4121825496005158e-03 -6.0383096916195234e-01
   8.2675835960924005e-01  3.7276650911821430e-01
  -3.6778765776247679e-01  4.3785254174992244e-01
  -2.6968427241861781e-01 -9.3391030408209300e-02
   1.3941333900688169e-01 -2.0313246111426908e-01
  -9.3672134745065023e-04 -9.6423568942353211e-02
   4.0700799552218350e-02  1.0871405651844267e-02
   5.6427370385333353e-02 -3.1136536278465861e-02
  -1.0615977461479245e-01 -1.4312540585924904e-01
  -7.8730823685557345e-03  1.3535412378098821e-01
  -1.0518353989786410e-01 -2.2265764108842623e-02
   1.4853320352165085e-02 -1.1738381571595718e-02
   9.3557576547080700e-03 -3.9899514461048516e-02
  -2.4947614536235396e-02  5.5239504504353082e-02
   2.8067401859406742e-02  1.5722975485636517e-02
   1.2177059498210473e-02 -3.3905882745642523e-03
   8.1026246403878381e-04 -8.8827179924626069e-03
   2.3016695743316392e-03  1.7743618798918354e-02
  -9.9520535036904317e-05 -5.2504259544898686e-05
   9.5834440389710787e-06 -3.1230911408101697e-04
   2.0841059635745514e-04  2.4552801584867023e-03
   2.7250348530615393e-06 -4.8015675438773369e-03
   1.3583380152017171e-07 -6.5489382801295747e-03
  -9.4904272565499967e-05 -2.6545488656406465e-03
  -4.1166746974622841e-05 -3.1695361998225350e-03
   5.7921891298711380e-05  5.2298046028506672e-03
   7.5887191253787818e-05  1.4770646612861314e-04
 -3.9252578663299081e-01  0.0000000000000000e+00
  -6.9809223282884747e-01  8.0936753490768523e-02
   3.4902508852260983e-01  7.7707676431006401e-01
   2.6252581225168159e-01  3.0781457719608796e-01
  -1.2762984131384991e-01  2.7809787888376625e-02
   2.7083317870530238e-01 -3.2386378858830611e-01
  -1.7202412010422952e-01  3.8517769373994004e-01
   2.1836243921922044e-01 -1.2311873938031423e-01
  -8.4729827188913742e-04  6.9558240366247123e-02
   1.2892600032241490e-02  3.9106643853255366e-02
  -2.3568743828035418e-02  9.4793896696867982e-02
   3.1074852226303227e-03 -2.2637738475480465e-02
  -1.1377385408013724e-02 -9.6925128709276914e-02
   2.7509395859683090e-03 -3.3831881745736411e-04
  -2.8757462220592102e-03 -1.8722347991624744e-02
  -1.7638763041099214e-03 -6.3705120869336582e-03
   4.7647611641266161e-03 -3.7494029110016406e-03
  -5.6344232057817323e-03  8.6669877517787106e-04
  -9.4633657393818700e-04 -8.9463520916600642e-04
   1.9898602997264143e-04  4.0089796351384097e-04
  -1.2159286261198513e-03  2.5614594805518432e-04
  -3.0564923983232860e-04  2.6815220237218760e-04
  -1.2805296609978161e-06  7.8248508064284166e-04
   5.8440061831225502e-04  3.5851777880236678e-05
   9.3856809521881158e-07 -1.2662190403500675e-03
  -1.2476559245437939e-07 -2.0584733485167839e-04
  -3.0436019595782955e-04  5.2658532743647099e-05
  -1.3752944665444106e-04  6.1407661306529370e-05
   1.8541376560421503e-04  7.3147134587644777e-05
   2.6421784219091225e-04 -2.4488941652793338e-05
 -3.0215559176122031e-01 -1.7671533716645235e-01
  -5.1074868727772116e-01  6.7932881530171219e-01
  -5.3734382235026867e-01 -3.4213010931506727e-01
  -3.7165287030046962e-01 -6.0443523364566251e-02
   7.5052010701095490e-02  3.5292797572235846e-01
  -3.2991225739652841e-01 -2.2459082649014840e-02
   2.0778199229639821e-01  3.7452248754998468e-01
  -2.5059385871138806e-01 -2.7418609381635006e-01
   0.0000000000000000e+00  9.4112386517004112e-02
  -1.2244860648499254e-02  5.0974667256934281e-02
   1.5590204159316192e-02  1.2520798753779913e-01
   3.6691586277447638e-03 -2.7293896125382175e-02
   9.4536284691383223e-03 -1.3221038623465739e-01
   3.8831528233647652e-03  0.0000000000000000e+00
   1.3702965842342218e-03 -2.4727892842855398e-02
   8.5627568627720931e-04 -7.6282242788535629e-03
  -2.3096318417019758e-03 -6.0673134116556414e-03
   2.8201692315664201e-03  8.4894012271722447e-04
   1.5646801395046372e-05 -1.1217385076555974e-03
  -2.1343434514165370e-04  7.0810809110348461e-04
   8.3614204646070606e-04 -3.7713981185597803e-08
   2.5270480074511618e-04  3.5879482778577510e-04
  -1.6334029306830513e-06  1.0518936153116509e-03
  -4.8699503819987219e-04  0.0000000000000000e+00
  -7.8186624935419217e-07 -1.5995988761892638e-03
   0.0000000000000000e+00 -1.4857589113223589e-04
   2.5256918453619352e-04  1.2152910057942902e-04
   1.1451942317200542e-04  1.4331667343182999e-04
  -1.5417140771986743e-04 -2.9997406428967547e-06
  -2.1925910472940082e-04 -3.5724034876193783e-05
 -8.6845045548813138e-01  9.7758447122811631e-01
   4.9408748844511180e-01  3.8647668661122139e-02
   1.7780194431081461e-02 -8.8650565864864320e-02
   4.9183422522989318e-03  0.0000000000000000e+00
   3.6349918886489134e-02  1.0891009523232005e-01
   2.6383602700273128e-03  0.0000000000000000e+00
  -8.8647061172907212e-04  1.0934192225750577e-01
   1.3616095766146757e-03 -8.3845306704876874e-02
   0.0000000000000000e+00  2.8183760515829916e-02
   6.0791518183654419e-06  1.5251718990636263e-02
  -2.0985795671595313e-04  3.7487396848183731e-02
   1.7402917016823903e-04 -8.1734577138105266e-03
  -4.9024628790069746e-05 -3.9572925367800493e-02
   1.7065311801637423e-04  0.0000000000000000e+00
  -3.6850472217301802e-05 -7.4017321296007254e-03
  -2.3027250998471331e-05 -2.2843729155591578e-03
   6.2111388873086769e-05 -1.8162334942870067e-03
  -7.1397677650515747e-05  2.5412547980352505e-04
  -2.2574863692669292e-05 -3.3580205154546186e-04
   0.0000000000000000e+00  2.1196529755476167e-04
  -1.0053145954436871e-05  0.0000000000000000e+00
  -1.5746275277131024e-06  1.0740329287070001e-04
   0.0000000000000000e+00  3.1487400817743825e-04
   3.0119704813411562e-06  0.0000000000000000e+00
   0.0000000000000000e+00 -4.7882419123973220e-04
   0.0000000000000000e+00 -4.4477495036505421e-05
  -1.5859836601250843e-06  3.6377177396668157e-05
  -7.2393272353687836e-07  4.2898828580753185e-05
   9.6893979355207658e-07 -8.9571992016230856e-07
   1.3899831288584044e-06 -1.0693421033146382e-05
-1000
84.17022004702574 80.00114374817345 81.46755890817113 81.8626021137767  83.9676747423067  84.19194514403294 82.04452249731517 80.27387593197926 84.17304802367127 81.40386938595233 88.00744568675536 83.13424178159242 88.76389152296038 80.85044211369778 81.69830419564569 80.9834683383305  89.57889530150501 86.91877113950473 86.86500927681584 80.18288277344192 89.88861088906495 82.80443992064406 81.03226006577643 89.08595503093096 82.87775338586349 80.19366957870297 82.1162811600006  84.91573159280338 85.74117605492013 85.89305536903284
