500000
1.e-08
30
1
-100
100
-55.83149315581512   -10.169525400959273   62.538105972112646  -54.436862382146494  -61.0150347363343     51.55313580581415   -70.7082975917797    -42.8406308731952     15.192946303399594   33.833391806051466  -10.72712304878273    -3.212679205452801  -66.09134414125037    17.605995047263804  -35.148767413939495   67.02658538321529   -41.885101288624185   40.10466428617052    32.8231983250061    -60.354886403908594  -46.60361323214019   -48.45267738539537    45.49286493816304     8.18419790693278     1.2776362095467277  38.81218326544405    60.39807327814489   -68.7926996204999    -19.788426386335516  -25.316083409010197 
-186.86405320391498
1.7241387586206896e+05 6.2068969310344825e+05 6.8965610344827597e+04 3.7931040689655172e+05 8.9655173448275868e+05 9.6551724482758611e+05 3.4482765172413789e+05 2.4137938620689654e+05 5.1724142758620688e+05 2.7586214137931034e+05 1.0000000000000000e+06 7.2413795862068969e+05 9.3103448965517245e+05 7.9310346896551724e+05 3.4482855172413794e+04 6.8965520344827580e+05 7.5862071379310347e+05 1.3793112068965519e+05 5.8620693793103448e+05 4.1379316206896550e+05 8.6206897931034479e+05 2.0689663103448277e+05 8.2758622413793101e+05 4.4827591724137933e+05 1.0000000000000001e-01 3.1034489655172412e+05 5.5172418275862071e+05 1.0344836551724139e+05 6.5517244827586215e+05 4.8275867241379304e+05
0 0
0 0 0 0
0.05
-3.3433497888582672e-15 -8.7889948518489381e-10  5.6513236037131020e-07 -1.5280667021767287e-05  3.6973279661188569e-05  1.2591788757047994e-04  4.5645612114776097e-05 -9.6288323933698588e-06 -5.0705267151070568e-04  7.0030448776581631e-03 -2.1440671755908079e-03 -4.6974524995969389e-03  5.3093480901247221e-02  2.0383244610858723e-02 -5.1521643444862264e-02  8.3080311154400260e-02  6.9321537150983922e-02  1.4993857195457452e-01 -4.0711159678081860e-01 -9.2931890020578736e-02 -1.9644569359444364e-01  1.1386927448345979e-01  1.4015313462980658e-01  2.0257722248969087e-02 -5.6056862192522250e-01 -2.6511392222115571e-01 -4.3491600670821928e-01 -5.5159708202452307e-02 -3.6074570424723396e-01  8.3693526027040527e-02
  1.8746774307896136e-13 -3.4338719544985643e-09  2.2080262046614095e-06 -7.5224946342191984e-05  3.4753268237562324e-04  1.1299049920320537e-03 -6.7958724314520189e-05  2.8880057223176054e-04  4.3163382091793139e-03  1.5203884658666362e-02  2.7055156632222639e-03 -1.4270432889880537e-02 -3.2319455835906119e-02 -1.5179681492400255e-02 -2.6944843484520475e-02  1.2828041443398022e-01  1.6143728255722377e-02 -8.6256143788898662e-02 -4.9615123939768957e-01  8.8895898004273499e-02 -2.3594956180172230e-01 -1.0803220086996147e-01  1.4732461572712202e-01  4.5822002544772943e-02  4.0852372238164270e-01 -4.5318110202984285e-01  3.3406518202521890e-01 -2.7902695293612129e-01  8.1581058640339044e-02  2.4451681210657142e-01
  3.0369786336556427e-13  2.0679149303474260e-08 -1.3296636606105317e-05  3.9412278475647492e-04 -1.3205928495316243e-03 -4.3737588831129215e-03 -4.1643603587441814e-04 -5.5984324645559636e-04 -1.5022609484815088e-02 -3.2931124885711330e-02 -2.0046938024455431e-02  2.7995609836423657e-02  8.7799272159209463e-02  4.3896071067819169e-02  7.6464387015183238e-02 -6.9944156384411107e-02  3.9249533829766869e-02 -2.2868856393853394e-02 -1.8842192699412369e-02  1.9847376004837350e-01 -8.6551070388748569e-03 -1.6885314855997050e-01 -6.6930422173877735e-01  1.4961558316979470e-01  2.2195490092982276e-01 -6.5680058779167022e-02 -2.3163377283792030e-02  7.7678546815990152e-02 -6.0979316009311446e-01  6.6048995280638706e-02
 -5.8338670568193414e-13 -3.7866639916212277e-09  2.4346905135698511e-06 -6.9488457821402136e-05  2.0610709869357607e-04  6.7772414155195114e-04  1.9819466013242719e-05  1.1682703249674511e-04  2.3941109144945830e-03  5.2564643680451080e-03  2.7412100771908019e-03 -4.7973605859141944e-03 -2.0691900901085775e-03 -1.7053282185099479e-03  2.3380279966453872e-02  3.8599240735580131e-02  5.2125747639726355e-02 -1.6819442937616857e-01 -2.8946327061530275e-01  1.7479184449595003e-01 -2.4927633329876545e-01 -4.6440781485401150e-01 -1.3037868250260748e-01  2.2924267307445803e-01  3.7975763222480537e-02  2.4522952967502978e-01 -4.1311903596390342e-01 -5.9176845754245311e-02  3.5940345621115688e-01 -3.7451348593748057e-01
  1.2114412651725257e-11  3.0905174637684268e-08 -1.9869203015730850e-05  4.6314183291938594e-04 -3.1182591885853955e-04 -1.0831295327289022e-03 -4.6494068122323706e-04  2.8536351247672253e-04  1.6602902435427743e-03  4.1430085403517183e-03  1.7985149814265910e-03 -6.2042485987442303e-03 -7.9446826446007562e-03 -5.5945066378715429e-03 -5.1335253258196892e-02  2.1100992238071652e-02 -2.6813161904896951e-02  1.6415645462157730e-01  8.1414129824489520e-02 -5.4364606449342781e-02  7.6777062440763197e-02  2.8553322296744543e-01  2.6026297826821566e-02 -1.4322533401913690e-01  4.2604713036630670e-01  1.8627065528890993e-01 -4.4963272126397608e-01 -6.4734403586711664e-01 -1.1499400278202142e-01 -1.5372405203012068e-02
 -4.6725590011048855e-11 -1.1533410160387384e-07  7.4148931572953810e-05 -1.6974578395640820e-03  7.5716036514764931e-04  2.7412546272878721e-03  1.9883361954820579e-03 -1.5520236181034736e-03 -1.2753741610135915e-02 -3.3466612524605387e-02 -1.1045881378054115e-02  4.2171033232047885e-02  1.3022751387866041e-01  6.3611006396247297e-02  8.0707671411611906e-02 -1.9209649986026209e-01  2.6598522711197600e-02  1.2038686280845512e-01  6.0320073880346464e-02  5.8038524197963126e-02 -1.6116815672060633e-01 -4.1057863924051380e-01  4.9925793450745992e-01 -4.2924974506042751e-01  2.7062458553228030e-01  4.5736592498402256e-02 -8.8889524907474177e-02  2.4927301385696218e-01 -3.4804144253866182e-01 -1.2492882462075448e-01
  2.0006296715687508e-10  6.2317374769103740e-07 -4.0065415039461795e-04  9.7691065288685007e-03 -1.1975273979571942e-02 -4.0649358469973487e-02 -1.1205768172513295e-02  2.8486123853811596e-03 -4.3863103971014110e-02 -9.9005748948249303e-02 -7.6107272414484908e-02  2.3872457030427632e-02  1.5847951556052101e-03  1.0496942941951519e-02 -2.2176088903918825e-02  2.0863400573775298e-01 -1.9571124810442866e-01  2.7193318215784379e-01 -2.2394120678702681e-02  6.7057209731003109e-01  2.2761190072074572e-01 -1.4141627458045625e-01 -1.1023489321647088e-01 -3.9055295442633597e-01 -2.0022368537404364e-01 -1.8031964055251815e-02 -4.5073137886222761e-02 -7.2750583326880391e-02  1.8845904076794129e-01  2.3149559629193919e-01
 -1.9207417339204950e-10 -5.2147483441271605e-07  3.3526352653675428e-04 -8.0446531140344162e-03  8.2891314533438051e-03  2.8123952599506279e-02  7.3877784751077173e-03 -2.2247860014060015e-03  1.8108071384702905e-02  3.9077904374882982e-02  1.7766526625742827e-02  2.2760106248679059e-03  1.2396549638540667e-01  7.6334890109382811e-02  3.7640407549306025e-02 -2.9563053579039528e-01  1.6204938086285756e-01 -5.1837124285892544e-02 -8.8965551560843625e-02 -4.6347537141122580e-02 -1.6582613136755631e-01 -1.1729209208666852e-01  2.7092738045269033e-02  5.9196242112810007e-02 -9.2289860350821179e-02  5.1642510302893041e-01  2.1060629789986574e-02 -7.8937938321878398e-02  5.6197452785071073e-02  7.1922338333624902e-01
 -1.5119626906219942e-10 -4.7356560913896664e-07  3.0446753715853933e-04 -7.3540039767887901e-03  8.1785945600629795e-03  2.7829447042059838e-02  8.0825434915495348e-03 -2.5367232874404194e-03  2.1912408696769109e-02  4.4418139965516662e-02  3.7893536847146241e-02  5.1909082333998534e-03  1.0371725536344930e-02  1.2022213949790972e-02  3.1115298260616178e-02 -2.2354057759611387e-01 -1.9894039645887391e-02  4.2117522038821464e-02  1.0192850706354740e-01  8.1156910444568811e-02 -2.9725782529781186e-01 -1.0837003158867596e-01 -6.4620225030187911e-02 -1.3092123829307112e-01 -3.6811812167687208e-01  1.1475120624751403e-01  4.6570232831515057e-01 -5.4690110986029339e-01 -1.4948601576489629e-01 -3.4110666877453671e-01
  4.3478493548029758e-11  1.5860443070339483e-07 -1.0197260403728543e-04  2.4328991441475017e-03 -2.3477160485424536e-03 -8.0948213681799573e-03 -3.1471717505328930e-03  1.4681615839831404e-03 -1.6729392937665515e-03  1.7871489273891702e-02 -1.8039039470435669e-02 -3.4407565594255202e-02 -1.4410042285771688e-01 -5.9750274838205816e-02 -6.7400461089955413e-02  3.5987685242673184e-01 -9.9739465132289859e-02 -2.4982350214562465e-02 -4.3389235864110354e-01  1.2817860086306496e-01  4.9647828428565743e-02  2.6468047326756661e-01  1.2836578838723162e-01  1.2329418993719959e-02  6.2010638726340717e-02  5.7614325635121444e-01  2.5294274187748222e-01  1.6281905383115564e-01 -2.8520882061171432e-01 -1.6629768207465656e-01
  1.3922270897934542e-10  7.8282804688869356e-07 -5.0332703518520027e-04  1.2090244863031422e-02 -1.2658219811088382e-02 -4.2900219495702788e-02 -1.0440398300404202e-02  2.7411312786676332e-03 -3.5525723278775581e-02 -5.6159201960965438e-02 -2.7859326673098213e-02  4.4046249376046426e-03 -1.9440807373437730e-01 -1.3801545102746551e-01  6.3532652269910561e-02  5.3977793116045780e-01 -1.1211401684798156e-01 -1.8150459124209803e-01  2.9340550491467987e-01 -2.1571423343265086e-01  1.4078336781046147e-01 -4.8405414767709448e-01  1.5932842836172639e-01  1.6970266556888836e-01 -1.1730197261122627e-01  4.1322242084884400e-02  1.3026168403996972e-03 -2.2968362053926170e-01 -2.2337065078475860e-01  1.8900197628206994e-01
 -4.5005413476574310e-11  8.9446743505812965e-08 -5.7525565919508733e-05  1.2832741044401443e-03 -1.3073144916579682e-04 -4.1962064669560538e-04  4.0091603532970311e-04  1.0621424039390604e-04  1.3570828336688674e-02 -3.3785023342708484e-02  7.4882006985500918e-02  3.0812450684569070e-02 -3.5123387048153343e-01 -2.0625484354709886e-01 -1.6117056559767098e-02 -1.0565795091256783e-02 -5.0147087563226145e-01 -1.4982892614849561e-01  2.1419468578905221e-01  8.6519028517248242e-02 -6.2137909706813010e-01  1.8700470232716715e-01 -7.1170514387725786e-02 -9.1851206255543411e-02  4.0437292534616961e-02 -1.1472245801988162e-02 -1.3660233550337558e-01  1.5063286671461079e-01 -2.3109131366690905e-03  1.4437490974046055e-01
  2.7261193791182965e-10  1.4177573402394982e-06 -9.1155648322934087e-04  2.1947727463640158e-02 -2.3568504562543162e-02 -8.0795738845848730e-02 -2.8522345772262123e-02  1.1339369394265648e-02 -2.3535095138755249e-02 -2.5051767237492367e-01 -9.4846520820051749e-03  3.1164128848894343e-02  1.3018457443770830e-02 -4.0694057903068945e-02 -3.0979471540068870e-01 -4.0805286678360936e-01 -2.4962382287169665e-01 -4.8219494919136158e-01 -3.2216693701025333e-02  2.9760650317702103e-01  3.0698440645211644e-01  3.1063329600249379e-02  2.7449573849547171e-01  2.4596058076291841e-01 -5.9068908352803623e-02 -5.4762760024183621e-02 -6.4018445982278516e-02 -1.0618637038450580e-01 -1.5890791378300267e-01 -1.4771749689031125e-02
  5.9504803747443756e-09  2.2233088143230198e-06 -1.4281270968138512e-03  3.3946282769143021e-02 -2.9157626383900438e-02 -9.6460161823422638e-02 -3.9009420908329390e-03 -6.3221753118258136e-03 -5.2546830119220692e-02 -2.9517794616622339e-01  2.3339693527474609e-01  3.1792920840532091e-01 -3.4026427259475128e-01 -3.7539737067757123e-01  5.2927451726169228e-01 -2.5851169393233081e-01  1.9144372125551312e-03  2.0100682832624178e-01 -2.1580537785443135e-01 -8.3811074459145943e-02  2.0393620523572836e-01 -3.1366743577447891e-02  1.0414068747151006e-03  3.7741616717564368e-02 -1.1836015203352746e-02  7.5959244595844759e-03  5.3773381865835773e-03 -2.7132862523827614e-02  2.0811104682670757e-02 -1.1383841893017690e-02
  3.0507131294590371e-08  1.1258070444365425e-05 -7.2313221781688235e-03  1.7072859174933180e-01 -1.3211553143108151e-01 -4.5167549027656162e-01 -9.3355854837629773e-02  3.6171246885548007e-02  1.9022943110506005e-01  6.2565476811159704e-03  4.6487762648699843e-01 -2.1590315750070779e-01 -1.9740220296297017e-01 -1.7913502273023421e-01 -2.9728274540371530e-01  2.9882493746711369e-02  4.2396171090880647e-01 -1.4542333325168039e-01  3.2352763583824988e-02  3.8713761776888775e-02 -9.0115022332442687e-03 -2.7140055536546460e-02 -8.9166824395291000e-02 -2.5677092361178050e-01 -1.2379818178614064e-02 -8.8769508547983066e-03 -1.9379733425816482e-02  2.5872120349669327e-02 -1.9578734433191712e-02  1.5319749036613737e-02
  5.7311364347252007e-09  4.2729522473279235e-07 -2.7338734561683695e-04  4.7492691659644960e-03  1.8536480862704187e-02  6.7569064009254498e-02  4.4696737352883334e-02 -1.7035737095332404e-02  2.4480578493466409e-01  6.4635131020165615e-01  3.6839327916936693e-01 -2.2157570203916968e-01 -1.6759321557937484e-01  1.0624525233010820e-01  8.8691043957052573e-02 -1.5314566580106295e-01 -3.1285256829328506e-01  1.9719769780599819e-01 -4.1066215831146662e-02  9.0347333069117783e-02  2.0314055036049028e-01 -1.2453607864246136e-01  9.1668296169269234e-02  2.0429400743391787e-01  9.6395122313908035e-03 -3.5331669617078142e-02 -3.3418932028900047e-02  3.5599780085013516e-03 -5.5977605962741081e-02  2.1077028733320270e-02
 -1.4094417723069416e-07 -1.2129699546432103e-06  7.4349990495727568e-04 -3.0023501398944392e-02  3.5250950050832799e-03  4.3129001739409159e-02 -6.9471832209980433e-02  6.6799004235475523e-02  3.3355620207793346e-01  2.3443505017150090e-02  1.6477378837099103e-02 -1.0085175309926653e-01  2.0479408016813533e-01  9.7127834936175411e-02  4.0816784953011886e-01  4.8268028448268496e-02 -2.0907823576320514e-01 -5.3036870949546833e-01 -1.8062977072557362e-01 -1.8212897672379325e-01  1.4593430494984833e-01  4.6845010458463308e-02 -1.4316861923738186e-01 -4.4688372523063902e-01 -6.6309947417626081e-02 -1.5510684984848547e-02 -5.8520513319659427e-02 -4.6309419200602268e-02  2.5891116622672537e-02 -2.5317251987699617e-03
 -5.3346128954906510e-07  7.5097666956494181e-06 -4.9681928653253996e-03  7.5504873931983574e-02 -1.7003919835380252e-01 -3.5166499205821244e-01 -1.0423856070478239e-01  2.6519695472527187e-02  1.3973505795349134e-01 -4.1930605821915989e-04 -6.1378832980706532e-01 -2.3091492137114483e-01 -4.6010033108366682e-01  2.5490849261506265e-01  4.3708516994419855e-03 -1.9990636363595962e-01 -5.9469956052110730e-02  1.1232371505523717e-01 -9.7401888952538429e-02 -1.5360084948672367e-01  4.6924765932444143e-02 -8.7241279234736624e-02 -5.7110516734909897e-02 -3.8854500016898379e-02 -3.8662676469289640e-04  2.7783869559981191e-03  5.4510478412470465e-03 -9.3931910778734847e-04  5.4367091834479605e-03 -1.2851184436632778e-03
  1.8936483274003108e-06 -5.0248050625626498e-06  3.7072151797995739e-03 -2.4946035667872443e-02  1.4025566258072950e-01  2.5206117230025804e-01  1.6160406440532157e-01 -1.1397286765416144e-01 -4.6298184594442338e-01  1.7964311550475925e-01  6.8313822609063241e-02  8.0857248898480949e-02 -4.9068146277395497e-01  3.5589653848275538e-01  8.4017109941612114e-02 -2.3790044872834676e-02  2.8297829870036989e-01 -3.1506213522392945e-01  3.2946928923419357e-03  9.9940193483861822e-02  6.7225765046630331e-02  5.1682250440212706e-02 -4.4260552760580496e-03 -1.9684904232279854e-01 -3.7652688409313399e-02 -4.2598428046457582e-02 -6.3280098995362133e-02 -1.8262925295728434e-02 -3.5167751678211359e-02  7.8419733343106594e-03
 -5.4590560105669550e-06  9.8868542247351705e-06 -7.7159312706450685e-03  7.6702396830832881e-02 -1.8040184899914952e-01 -3.4414147091836633e-01  2.6589366749429588e-01 -1.1477141181234710e-01 -5.1281489914406198e-01  3.7198407278307893e-01 -8.4748924157277722e-02  1.1529577021326194e-01  2.2288442209968756e-01 -2.7619591492052054e-01 -1.2933382511372501e-01 -7.3538151414108660e-02 -2.3704419990837539e-01 -6.6302951539731814e-02 -1.3921074647546744e-01 -2.1739104888982755e-01  7.7165463920227786e-02 -7.8398913695443273e-02 -1.2369931543410354e-01 -1.8149022587858457e-01 -1.1499607826049025e-02  1.9574344990016729e-02  8.9181041089208719e-03 -2.8012692627281148e-03  3.3359381613399637e-02 -1.5217358210237938e-03
 -3.5048910450838081e-06  2.0857122834960691e-06 -2.2177377177057035e-03 -3.7649399232829658e-02 -1.0909754011568193e-01 -7.6778662283446902e-02  4.2416256372634346e-02  1.0265237997013061e-02  8.7609749060744535e-02  3.5580586331935721e-01 -3.5584858686840276e-01 -5.9213668092336781e-02  5.8672815946365794e-02 -4.0904456850391191e-01  3.6473908571385166e-01  2.0712731559587388e-02  3.4215273682295599e-01 -1.7691488790842538e-01  1.6998008170098516e-01  3.7253052268539166e-01 -6.7910911793420098e-02  1.8419436757590693e-01  1.7714252198812808e-01  1.2506133880703213e-01 -1.2017377629681055e-02 -4.7866386649580164e-02 -5.1925429291740294e-02 -1.5054218339083032e-02 -5.7234472225407791e-02  3.3748195818830507e-03
 -8.3036852230636572e-06 -1.3598017339700863e-05  6.6849692929103564e-03 -2.2986355774104292e-01  1.1067394916383444e-01  4.9710220464084665e-01  1.1729068343332022e-01  4.9485890846642046e-02  1.9787923062072779e-01  5.9364067844477467e-02 -1.9978862713338769e-01 -7.5335066992008592e-02 -1.9402345143064664e-01 -4.9557330205536676e-01 -3.6513072846805311e-01 -1.3870616672547662e-01  8.2517279453774045e-02  1.5603106988259514e-02 -1.1353591643168243e-01 -1.3899640236515465e-01  1.3851450082994404e-01 -1.5822335695985393e-01 -1.3000788663035770e-01 -2.1517123726198559e-01 -8.4364756215347374e-03 -3.5071698040280595e-03 -1.0666015802393361e-02  1.9608842732049853e-02 -6.1303288492120175e-03  1.3411851750164861e-02
  2.0565330983540768e-03  7.9910685619967491e-04 -5.2910624918108308e-03 -3.1720506811690080e-01 -3.3294138093723652e-01 -1.1245334754750103e-01  6.9206529487755997e-01  2.9934373485830806e-01  2.7049863707441268e-01 -5.9395015653725888e-02  4.7232437459232161e-02  2.7881545155091197e-01 -5.1748876351955402e-02  1.9524849962413934e-01 -4.4800384887414640e-02  5.6783305977570635e-02  3.5440359211918952e-02 -8.2338754556633004e-03  3.0128336566999040e-02  2.8034450678820384e-02 -2.0173390141059407e-02  1.5859756127432848e-02  1.6139266386390221e-02  2.5485193610295810e-02  2.0094172758896478e-03 -2.6451004736213388e-04  1.3053364195178213e-03 -4.3821056581296600e-05 -1.2985870013473514e-03 -5.5398990512984115e-04
  2.4158402765852838e-02  8.6548464453677903e-03  4.0873915677465961e-01 -5.9001631524707654e-01 -1.4191904933555322e-02 -1.7664255806499773e-01 -3.0007145702407201e-02 -6.5926270979088497e-01  6.7220068588332418e-02 -6.8650810200558521e-02  4.6825162839273404e-02 -7.1677878142895224e-02  3.5265421584791939e-03  1.8097170579721083e-02  1.1781816381911944e-02  9.4636437687586061e-03  3.6703330720801054e-03  7.2943540804047496e-04  4.1567403249046335e-03  4.6929098302811827e-03 -3.3042354372574507e-03  3.3153470799160973e-03  2.5332742910910491e-03  3.3010611768972474e-03  2.5390878327734648e-04 -5.3011440613900669e-05  1.5431380305934591e-04  6.7897250764100651e-06 -1.9054438201736133e-04 -6.2001452742546013e-05
  8.7603696651133902e-03  3.2123907194064640e-03  1.0071861439109010e-01 -1.6650287111529527e-01 -5.1929010514152725e-02 -6.9669622480436247e-02 -5.1975105268341926e-01  1.5423317230431158e-01  1.2855648367104330e-01  3.1540608485615179e-01 -4.7141080817073688e-02  7.0394613748820378e-01 -5.5013864527072916e-02  7.4644381846671964e-02 -1.7571467766208568e-01  2.8299649329421181e-02  3.1278658283392533e-02 -5.0801965782964406e-02 -2.4095064184893921e-03 -1.2336880755972902e-02  1.4948601384629320e-02 -1.3961815504386759e-02 -2.0282698456807881e-02 -4.4161852950392877e-02 -3.1629985179120524e-03 -3.2749748596707946e-07 -2.7288358079780115e-03  1.5471631994020763e-03  9.4987850629132140e-04  1.7169077915110665e-03
  1.9839247490169656e-02  7.3003617654260602e-03  2.1165453394751688e-01 -5.0074686746039088e-01  4.3643718004883286e-02 -1.0394936660743648e-01 -2.0598230316513871e-01  6.2447692095716967e-01 -3.5813743168607237e-01 -2.1192291674596665e-02  8.7542350529061258e-02 -3.3331140029174877e-01  1.0229262391428549e-02 -3.8130695265685688e-02  8.2824763231603607e-02 -3.6084867536465892e-02 -2.6776035748418837e-02  2.6180233152619043e-02 -9.2783367919664368e-03 -4.2567866600304862e-03  2.8457521889854802e-04  8.2114158461682530e-05  4.1591935280805813e-03  1.3369239443756443e-02  9.2415259166787542e-04  1.0302435826309997e-04  9.2321309049027606e-04 -7.0570335287151230e-04 -5.5713027888783364e-05 -6.4848946789123263e-04
  3.2249475148559623e-02  1.2324603668194847e-02 -9.1224976839640037e-02 -1.6030215334348119e-02 -8.6570336636582534e-01  3.6234875769030778e-01 -2.3834715189740513e-01 -9.6755722956848228e-02 -1.3332084670340774e-01 -4.8613051205968302e-02  9.1164084754360941e-02 -1.1892870767050931e-01 -1.3415607561620049e-03  1.8897371593774956e-02  1.8896106303845014e-02  2.6971834165097765e-04 -2.1154961295472797e-03  2.1030630725974268e-03 -6.3929523169724549e-04  2.8750921025873932e-04 -6.8370065296314035e-05  7.5932647262730139e-04 -2.0076870115917362e-05 -7.1122471428119874e-04 -5.6996243532941373e-05 -1.2865466256430703e-05 -5.2624317264952397e-05  2.7801065213920195e-05  3.6053196883969678e-06  3.1654925426189353e-05
  7.0906357692346100e-02  2.6316514225315238e-02 -8.7553024772160037e-01 -4.1279066543480747e-01  9.7043421072504549e-02 -1.3820207297127673e-01 -1.0097320457847711e-01 -1.2940148878076430e-01 -2.5644205733439170e-02  2.2422452929304962e-03  2.6979791233226951e-02 -2.0477488008025544e-02 -2.1753590141897405e-03  6.6125416208417257e-03  3.5416856681953247e-03 -8.0429313428949855e-04 -8.2087824429824768e-04  6.8052740940942953e-04 -3.3494430847209389e-04 -1.1477756239238534e-04  9.0717910956648025e-05  1.4181825349814540e-05  7.4028546277599772e-07  2.8273804140515073e-05  2.2698097303226033e-06  5.1330889297330501e-07  2.0917563286743348e-06 -1.0956742071607945e-06 -1.4791391023843075e-07 -1.2539361306998787e-06
  9.3286599182384966e-01  3.4878607448985249e-01  5.3695576357728113e-02  5.9992136643567867e-02  2.3304387976340928e-02  5.6021182448491571e-03  2.4414277194313990e-02  1.4803426914448706e-02  1.0636211454394339e-02  9.1261376448020185e-04 -7.9408424842050164e-03  7.3866526265381023e-03  5.3411672949748744e-04 -1.9531169785519768e-03 -1.2428351697663948e-03  1.8155955042142280e-04  2.3803678177359845e-04 -2.0515431841717810e-04  9.2165197808282337e-05  2.0402143067603631e-05 -1.9581036070746329e-05 -2.0103133478259950e-05  2.1304984020213496e-07  8.9692616774628100e-06  7.2082400265581682e-07  1.6353830388148888e-07  6.6413857816366349e-07 -3.4754516017514209e-07 -4.6481728691874734e-08 -3.9822438681388950e-07
 -3.5019295167778192e-01  9.3667745744469644e-01  3.7594080069430808e-05 -3.4136232593322567e-04  2.4720569673151863e-04 -1.7257026762302363e-04 -4.1645394120931385e-05 -1.6272956730396768e-04  1.5412476008518684e-05  3.2893128126011163e-06  3.6806938331138609e-06 -5.0267765356527316e-07 -3.8764932651658017e-08  1.1597708494183812e-07  6.8653972837518257e-08 -1.2627389114253385e-08 -1.4670731278053652e-08  1.2162737195918494e-08 -5.7341825877484159e-09 -1.6431013854231270e-09  1.3975997483245177e-09  7.0886727203769160e-10 -3.1628822388911888e-14 -4.7729049196619772e-14 -2.8543141475741857e-15 -6.4252798319280602e-16 -2.3393063667047982e-15  1.3148573700040499e-15  2.9694673887047441e-16  1.5739793059235799e-15
-186.86405320391498
-55.83149315581512   -10.169525400959273   62.538105972112646  -54.436862382146494  -61.0150347363343     51.55313580581415   -70.7082975917797    -42.8406308731952     15.192946303399594   33.833391806051466  -10.72712304878273    -3.212679205452801  -66.09134414125037    17.605995047263804  -35.148767413939495   67.02658538321529   -41.885101288624185   40.10466428617052    32.8231983250061    -60.354886403908594  -46.60361323214019   -48.45267738539537    45.49286493816304     8.18419790693278     1.2776362095467277  38.81218326544405    60.39807327814489   -68.7926996204999    -19.788426386335516  -25.316083409010197 
